#time tine_infection
           5  0.25000000000000000     
           6  0.50000000000000000     
           7  0.50000000000000000     
           8  0.25000000000000000     
           9  0.25000000000000000     
          10  0.75000000000000000     
          11  0.25000000000000000     
          12  0.25000000000000000     
          14  0.50000000000000000     
          15   2.0000000000000000     
          16   2.0000000000000000     
          17   1.7500000000000000     
          18   1.5000000000000000     
          19   1.2500000000000000     
          20   1.0000000000000000     
          21   1.5000000000000000     
          22   1.7500000000000000     
          23   4.5000000000000000     
          24   3.2500000000000000     
          25   3.2500000000000000     
          26   5.7500000000000000     
          27   4.2500000000000000     
          28   6.7500000000000000     
          29   7.7500000000000000     
          30   5.2500000000000000     
          31   10.500000000000000     
          32   8.2500000000000000     
          33   10.250000000000000     
          34   10.750000000000000     
          35   15.500000000000000     
          36   15.000000000000000     
          37   21.500000000000000     
          38   22.500000000000000     
          39   21.500000000000000     
          40   29.000000000000000     
          41   28.750000000000000     
          42   36.250000000000000     
          43   39.250000000000000     
          44   42.750000000000000     
          45   53.750000000000000     
          46   66.750000000000000     
          47   79.750000000000000     
          48   81.750000000000000     
          49   88.750000000000000     
          50   102.00000000000000     
          51   127.00000000000000     
          52   139.00000000000000     
          53   162.25000000000000     
          54   177.75000000000000     
          55   210.75000000000000     
          56   228.50000000000000     
          57   268.25000000000000     
          58   301.75000000000000     
          59   357.00000000000000     
          60   394.00000000000000     
          61   440.75000000000000     
          62   519.75000000000000     
          63   588.25000000000000     
          64   667.75000000000000     
          65   752.00000000000000     
          66   884.50000000000000     
          67   1000.5000000000000     
          68   1115.5000000000000     
          69   1228.0000000000000     
          70   1447.7500000000000     
          71   1653.5000000000000     
          72   1860.7500000000000     
          73   2057.5000000000000     
          74   2336.7500000000000     
          75   2605.2500000000000     
          76   2949.7500000000000     
          77   3364.0000000000000     
          78   3753.2500000000000     
          79   4199.0000000000000     
          80   4708.0000000000000     
          81   5245.5000000000000     
          82   5867.0000000000000     
          83   6563.0000000000000     
          84   7258.5000000000000     
          85   8193.7500000000000     
          86   8863.7500000000000     
          87   9812.0000000000000     
          88   10830.000000000000     
          89   11837.250000000000     
          90   12873.500000000000     
          91   14042.500000000000     
          92   15091.750000000000     
          93   16322.500000000000     
          94   17390.250000000000     
          95   18553.000000000000     
          96   19616.000000000000     
          97   20541.000000000000     
          98   21389.500000000000     
          99   22306.250000000000     
         100   22701.750000000000     
         101   23147.000000000000     
         102   23451.500000000000     
         103   23453.250000000000     
         104   23246.000000000000     
         105   23067.750000000000     
         106   22727.250000000000     
         107   21944.500000000000     
         108   21239.000000000000     
         109   20397.500000000000     
         110   19541.750000000000     
         111   18502.750000000000     
         112   17622.750000000000     
         113   16684.000000000000     
         114   15776.000000000000     
         115   14880.500000000000     
         116   14117.750000000000     
         117   13449.500000000000     
         118   12864.750000000000     
         119   12158.750000000000     
         120   11726.000000000000     
         121   11254.750000000000     
         122   10723.250000000000     
         123   10354.500000000000     
         124   10106.250000000000     
         125   9746.7500000000000     
         126   9365.0000000000000     
         127   9015.0000000000000     
         128   8743.0000000000000     
         129   8358.2500000000000     
         130   8168.2500000000000     
         131   7755.2500000000000     
         132   7511.0000000000000     
         133   7148.5000000000000     
         134   6781.0000000000000     
         135   6467.7500000000000     
         136   6171.5000000000000     
         137   5806.7500000000000     
         138   5626.7500000000000     
         139   5291.2500000000000     
         140   5071.7500000000000     
         141   4897.0000000000000     
         142   4690.5000000000000     
         143   4474.7500000000000     
         144   4329.7500000000000     
         145   4235.7500000000000     
         146   4138.2500000000000     
         147   4075.2500000000000     
         148   4010.2500000000000     
         149   3967.2500000000000     
         150   3936.2500000000000     
         151   3939.5000000000000     
         152   3968.7500000000000     
         153   4038.7500000000000     
         154   3974.5000000000000     
         155   3962.7500000000000     
         156   4000.5000000000000     
         157   3961.2500000000000     
         158   3963.7500000000000     
         159   3929.5000000000000     
         160   3973.2500000000000     
         161   3918.5000000000000     
         162   3868.2500000000000     
         163   3891.0000000000000     
         164   3676.2500000000000     
         165   3605.0000000000000     
         166   3510.2500000000000     
         167   3367.5000000000000     
         168   3233.0000000000000     
         169   3046.2500000000000     
         170   2880.7500000000000     
         171   2727.7500000000000     
         172   2503.2500000000000     
         173   2303.7500000000000     
         174   2116.5000000000000     
         175   1916.7500000000000     
         176   1720.0000000000000     
         177   1488.2500000000000     
         178   1316.5000000000000     
         179   1166.5000000000000     
         180   983.75000000000000     
         181   836.50000000000000     
         182   714.50000000000000     
         183   607.50000000000000     
         184   506.75000000000000     
         185   413.00000000000000     
         186   323.75000000000000     
         187   273.25000000000000     
         188   212.50000000000000     
         189   168.75000000000000     
         190   149.25000000000000     
         191   107.00000000000000     
         192   84.250000000000000     
         193   72.500000000000000     
         194   53.000000000000000     
         195   43.000000000000000     
         196   38.250000000000000     
         197   29.500000000000000     
         198   22.500000000000000     
         199   22.500000000000000     
         200   16.500000000000000     
         201   9.7500000000000000     
         202   8.7500000000000000     
         203   9.5000000000000000     
         204   5.7500000000000000     
         205   6.5000000000000000     
         206   4.2500000000000000     
         207   6.0000000000000000     
         208   3.2500000000000000     
         209   2.5000000000000000     
         210   2.2500000000000000     
         211   1.2500000000000000     
         212   2.0000000000000000     
         213   1.2500000000000000     
         214   1.2500000000000000     
         215  0.25000000000000000     
         217  0.25000000000000000     
         218  0.25000000000000000     
         224  0.25000000000000000     
         226  0.25000000000000000     
         229  0.25000000000000000     
         232  0.25000000000000000     
