#time tine_infection
           5   1.0000000000000000     
           6   1.2500000000000000     
           7   1.0000000000000000     
           8  0.25000000000000000     
           9   1.0000000000000000     
          10  0.75000000000000000     
          11   1.7500000000000000     
          12   2.2500000000000000     
          13   2.7500000000000000     
          14   3.2500000000000000     
          15   4.5000000000000000     
          16   4.0000000000000000     
          17   5.5000000000000000     
          18   6.7500000000000000     
          19   7.5000000000000000     
          20   10.750000000000000     
          21   11.250000000000000     
          22   17.000000000000000     
          23   19.750000000000000     
          24   24.000000000000000     
          25   26.500000000000000     
          26   31.750000000000000     
          27   43.000000000000000     
          28   57.250000000000000     
          29   61.750000000000000     
          30   82.250000000000000     
          31   86.250000000000000     
          32   111.00000000000000     
          33   146.50000000000000     
          34   162.75000000000000     
          35   209.00000000000000     
          36   251.75000000000000     
          37   315.25000000000000     
          38   364.25000000000000     
          39   453.25000000000000     
          40   567.00000000000000     
          41   684.25000000000000     
          42   820.25000000000000     
          43   1002.2500000000000     
          44   1220.2500000000000     
          45   1479.5000000000000     
          46   1806.2500000000000     
          47   2166.0000000000000     
          48   2612.2500000000000     
          49   3194.2500000000000     
          50   3893.0000000000000     
          51   4676.5000000000000     
          52   5587.2500000000000     
          53   6662.7500000000000     
          54   7951.5000000000000     
          55   9524.0000000000000     
          56   11394.750000000000     
          57   13376.500000000000     
          58   15502.750000000000     
          59   18021.250000000000     
          60   20854.750000000000     
          61   23615.500000000000     
          62   26494.750000000000     
          63   29330.250000000000     
          64   31914.250000000000     
          65   33954.750000000000     
          66   35637.000000000000     
          67   36398.750000000000     
          68   36589.250000000000     
          69   35884.500000000000     
          70   34094.500000000000     
          71   32093.250000000000     
          72   29832.750000000000     
          73   27446.750000000000     
          74   25090.000000000000     
          75   23165.250000000000     
          76   21427.750000000000     
          77   19912.000000000000     
          78   18788.500000000000     
          79   17780.000000000000     
          80   16946.500000000000     
          81   16302.000000000000     
          82   15532.750000000000     
          83   14916.500000000000     
          84   14212.000000000000     
          85   13504.500000000000     
          86   12726.250000000000     
          87   11976.500000000000     
          88   11173.000000000000     
          89   10313.500000000000     
          90   9594.5000000000000     
          91   8709.5000000000000     
          92   7999.7500000000000     
          93   7330.5000000000000     
          94   6678.5000000000000     
          95   6280.2500000000000     
          96   5915.0000000000000     
          97   5720.2500000000000     
          98   5712.0000000000000     
          99   5726.5000000000000     
         100   5745.7500000000000     
         101   5929.0000000000000     
         102   6065.7500000000000     
         103   6199.0000000000000     
         104   6338.2500000000000     
         105   6413.7500000000000     
         106   6458.7500000000000     
         107   6480.2500000000000     
         108   6451.2500000000000     
         109   6278.0000000000000     
         110   5999.2500000000000     
         111   5741.2500000000000     
         112   5384.0000000000000     
         113   5010.7500000000000     
         114   4486.5000000000000     
         115   3905.2500000000000     
         116   3388.0000000000000     
         117   2783.0000000000000     
         118   2249.0000000000000     
         119   1758.2500000000000     
         120   1376.7500000000000     
         121   1012.7500000000000     
         122   753.00000000000000     
         123   515.75000000000000     
         124   328.00000000000000     
         125   231.75000000000000     
         126   147.25000000000000     
         127   98.750000000000000     
         128   57.750000000000000     
         129   38.750000000000000     
         130   22.500000000000000     
         131   9.7500000000000000     
         132   7.2500000000000000     
         133   2.7500000000000000     
         134   1.0000000000000000     
         135   2.0000000000000000     
         136  0.75000000000000000     
         137  0.50000000000000000     
         138  0.25000000000000000     
         139  0.25000000000000000     
         142  0.25000000000000000     
