#time susceptible exposed infected recover
           1     1095425           1           0           0
           2     1095425           1           0           0
           3     1095425           1           0           0
           4     1095425           1           0           0
           5     1095425           1           0           0
           6     1095425           1           0           0
           7     1095425           1           0           0
           8     1095425           0           1           0
           9     1095425           0           1           0
          10     1095425           0           1           0
          11     1095423           2           1           0
          12     1095422           3           1           0
          13     1095422           3           1           0
          14     1095421           4           1           0
          15     1095420           5           1           0
          16     1095419           6           1           0
          17     1095419           6           1           0
          18     1095418           6           2           0
          19     1095415           7           4           0
          20     1095413           9           4           0
          21     1095412           9           5           0
          22     1095412           9           5           0
          23     1095410          10           6           0
          24     1095406          13           7           0
          25     1095402          17           7           0
          26     1095398          20           8           0
          27     1095392          21          13           0
          28     1095391          21          13           1
          29     1095388          24          13           1
          30     1095380          31          14           1
          31     1095377          31          17           1
          32     1095370          33          22           1
          33     1095366          36          23           1
          34     1095360          37          28           1
          35     1095355          38          32           1
          36     1095345          43          37           1
          37     1095334          51          39           2
          38     1095320          60          43           3
          39     1095309          66          47           4
          40     1095299          67          56           4
          41     1095284          80          58           4
          42     1095266          91          64           5
          43     1095248         101          71           6
          44     1095216         127          76           7
          45     1095189         141          88           8
          46     1095156         161          98          11
          47     1095132         176         105          13
          48     1095094         197         121          14
          49     1095069         207         134          16
          50     1095023         232         152          19
          51     1094974         258         174          20
          52     1094931         272         199          24
          53     1094881         294         221          30
          54     1094810         336         246          34
          55     1094738         374         277          37
          56     1094659         422         304          41
          57     1094540         500         338          48
          58     1094432         559         383          52
          59     1094313         642         412          59
          60     1094183         721         460          62
          61     1094069         780         509          68
          62     1093897         880         571          78
          63     1093703         995         645          83
          64     1093499        1106         722          99
          65     1093282        1216         818         110
          66     1093044        1340         921         121
          67     1092720        1525        1047         134
          68     1092401        1728        1146         151
          69     1092032        1947        1279         168
          70     1091609        2186        1435         196
          71     1091167        2427        1606         226
          72     1090648        2743        1783         252
          73     1090039        3121        1983         283
          74     1089428        3442        2243         313
          75     1088691        3868        2527         340
          76     1087934        4275        2823         394
          77     1087061        4754        3175         436
          78     1086114        5278        3568         466
          79     1084995        5928        3992         511
          80     1083755        6576        4517         578
          81     1082396        7351        5032         647
          82     1080881        8181        5636         728
          83     1079187        9113        6305         821
          84     1077317       10168        7006         935
          85     1075164       11425        7784        1053
          86     1072807       12754        8684        1181
          87     1070260       14146        9713        1307
          88     1067308       15797       10874        1447
          89     1064098       17561       12131        1636
          90     1060579       19478       13549        1820
          91     1056622       21634       15134        2036
          92     1052161       24084       16921        2260
          93     1047318       26677       18862        2569
          94     1041924       29633       20997        2872
          95     1036051       32727       23435        3213
          96     1029474       36228       26130        3594
          97     1022351       39996       29060        4019
          98     1014635       43980       32311        4500
          99     1006201       48187       35963        5075
         100      996932       52764       40040        5690
         101      987041       57600       44415        6370
         102      976078       62966       49267        7115
         103      964280       68451       54757        7938
         104      951506       74495       60588        8837
         105      937660       80902       66966        9898
         106      923038       87466       73875       11047
         107      907516       94101       81449       12360
         108      891138      100858       89616       13814
         109      873826      107694       98560       15346
         110      855484      114674      108062       17206
         111      836377      121466      118435       19148
         112      816865      127614      129568       21379
         113      796388      133903      141278       23857
         114      775511      139762      153510       26643
         115      754432      144956      166360       29678
         116      732671      149699      179996       33060
         117      711210      153376      194041       36799
         118      689486      156561      208411       40968
         119      668370      158382      222987       45687
         120      647627      158880      238125       50794
         121      627155      158635      253197       56439
         122      607210      157831      267689       62696
         123      587923      155503      282493       69507
         124      569278      152676      296554       76918
         125      551280      149095      310106       84945
         126      534256      144627      322717       93826
         127      517895      140133      333924      103474
         128      502388      134793      344330      113915
         129      487777      129320      353115      125214
         130      473463      124019      360381      137563
         131      459861      118807      365896      150862
         132      446941      113270      370160      165055
         133      434908      107878      372503      180137
         134      423258      102717      373407      196044
         135      412081       98063      372252      213030
         136      401615       93446      369696      230669
         137      391534       89004      365496      249392
         138      382013       84628      359948      268837
         139      372730       80551      353320      288825
         140      364113       76781      345034      309498
         141      355689       73248      335957      330532
         142      347841       69825      325740      352020
         143      340231       66665      314950      373580
         144      332853       63717      303744      395112
         145      325825       60909      292233      416459
         146      319179       58136      280737      437374
         147      312878       55589      268822      458137
         148      306779       53135      257236      478276
         149      301047       50700      245832      497847
         150      295449       48523      234508      516946
         151      289875       46685      223699      535167
         152      284649       44636      213497      552644
         153      279596       42929      203444      569457
         154      274720       41280      193967      585459
         155      270050       39744      185315      600317
         156      265480       38396      176801      614749
         157      261054       37165      168403      628804
         158      256948       35624      160779      642075
         159      252851       34385      153614      654576
         160      248854       33245      146939      666388
         161      245093       32037      140366      677930
         162      241412       30928      134520      688566
         163      237809       29940      128800      698877
         164      234246       29041      123459      708680
         165      230697       28289      118360      718080
         166      227231       27635      113542      727018
         167      223721       27166      108923      735616
         168      220122       26875      104807      743622
         169      216445       26832      100708      751441
         170      212651       26932       96899      758944
         171      208944       27055       93317      766110
         172      205030       27435       90110      772851
         173      201087       27893       87068      779378
         174      197052       28485       84270      785619
         175      192982       28916       82010      791518
         176      188879       29388       79909      797250
         177      184710       29910       77951      802855
         178      180506       30333       76411      808176
         179      176237       30773       75133      813283
         180      172004       31076       74064      818282
         181      167780       31321       73227      823098
         182      163596       31379       72750      827701
         183      159507       31460       72266      832193
         184      155480       31256       72241      836449
         185      151545       31059       72250      840572
         186      147700       30644       72501      844581
         187      144135       29994       72861      848436
         188      140646       29195       73414      852171
         189      137294       28397       73871      855864
         190      134160       27380       74449      859437
         191      131166       26351       74943      862966
         192      128561       24926       75525      866414
         193      126056       23538       75959      869873
         194      123842       22122       75965      873497
         195      121879       20518       75857      877172
         196      120097       18904       75551      880874
         197      118426       17355       75010      884635
         198      117013       15686       74286      888441
         199      115743       14116       73184      892383
         200      114673       12609       71826      896318
         201      113777       11158       70089      900402
         202      112911        9934       68126      904455
         203      112187        8758       65867      908614
         204      111658        7559       63356      912853
         205      111200        6488       60614      917124
         206      110780        5598       57741      921307
         207      110448        4752       54623      925603
         208      110188        4032       51470      929736
         209      109978        3328       48216      933904
         210      109792        2771       44990      937873
         211      109643        2299       41528      941956
         212      109508        1927       38158      945833
         213      109389        1592       34936      949509
         214      109316        1293       31751      953066
         215      109244        1080       28675      956427
         216      109192         892       25645      959697
         217      109147         739       22737      962803
         218      109114         602       20178      965532
         219      109074         515       17718      968119
         220      109047         411       15476      970492
         221      109031         326       13517      972552
         222      109007         272       11694      974453
         223      108984         236       10044      976162
         224      108973         194        8570      977689
         225      108967         166        7235      979058
         226      108959         133        6128      980206
         227      108956          99        5196      981175
         228      108954          84        4322      982066
         229      108954          62        3559      982851
         230      108948          51        2945      983482
         231      108945          33        2459      983989
         232      108943          26        2043      984414
         233      108943          20        1644      984819
         234      108941          17        1353      985115
         235      108939          15        1133      985339
         236      108939          15         934      985538
         237      108937          12         766      985711
         238      108936          11         628      985851
         239      108936           7         515      985968
         240      108935           8         412      986071
         241      108935           6         332      986153
         242      108935           5         278      986208
         243      108935           4         229      986258
         244      108934           4         192      986296
         245      108934           3         154      986335
         246      108934           2         128      986362
         247      108934           2         103      986387
         248      108934           1          83      986408
         249      108934           1          64      986427
         250      108934           1          46      986445
         251      108934           1          36      986455
         252      108934           0          28      986464
         253      108934           0          23      986469
         254      108934           0          22      986470
         255      108934           0          20      986472
         256      108934           0          16      986476
         257      108934           0          14      986478
         258      108934           0           9      986483
         259      108934           0           9      986483
         260      108934           0           9      986483
         261      108934           0           6      986486
         262      108934           0           5      986487
         263      108934           0           5      986487
         264      108934           0           2      986490
         265      108934           0           2      986490
         266      108934           0           1      986491
         267      108934           0           1      986491
         268      108934           0           1      986491
         269      108934           0           1      986491
         270      108934           0           1      986491
         271      108934           0           0      986492
           1     1095425           1           0           0
           2     1095425           1           0           0
           3     1095425           1           0           0
           4     1095425           1           0           0
           5     1095425           1           0           0
           6     1095425           1           0           0
           7     1095425           1           0           0
           8     1095424           1           1           0
           9     1095424           1           1           0
          10     1095424           1           1           0
          11     1095424           1           1           0
          12     1095424           1           1           0
          13     1095424           1           1           0
          14     1095424           1           1           0
          15     1095424           0           2           0
          16     1095424           0           2           0
          17     1095424           0           2           0
          18     1095424           0           2           0
          19     1095423           1           2           0
          20     1095423           1           2           0
          21     1095423           1           2           0
          22     1095423           1           2           0
          23     1095420           4           2           0
          24     1095420           4           2           0
          25     1095420           4           2           0
          26     1095418           6           2           0
          27     1095418           5           2           1
          28     1095418           5           2           1
          29     1095418           5           2           1
          30     1095415           6           4           1
          31     1095415           5           5           1
          32     1095413           7           5           1
          33     1095412           6           7           1
          34     1095408          10           7           1
          35     1095406          12           6           2
          36     1095404          14           6           2
          37     1095402          15           7           2
          38     1095401          14           9           2
          39     1095400          15           9           2
          40     1095397          15          12           2
          41     1095394          18          12           2
          42     1095388          19          17           2
          43     1095380          27          17           2
          44     1095368          35          21           2
          45     1095365          37          21           3
          46     1095361          40          22           3
          47     1095354          44          25           3
          48     1095346          48          29           3
          49     1095338          52          30           6
          50     1095334          49          37           6
          51     1095321          55          44           6
          52     1095310          55          54           7
          53     1095292          69          57           8
          54     1095271          85          62           8
          55     1095247         100          71           8
          56     1095233         109          74          10
          57     1095221         115          79          11
          58     1095191         133          91          11
          59     1095175         138         100          13
          60     1095149         153         108          16
          61     1095115         171         123          17
          62     1095077         182         146          21
          63     1095027         215         160          24
          64     1094978         248         175          25
          65     1094927         276         198          25
          66     1094870         316         213          27
          67     1094804         362         230          30
          68     1094735         400         255          36
          69     1094655         440         289          42
          70     1094576         479         321          50
          71     1094473         524         372          57
          72     1094364         579         420          63
          73     1094231         660         470          65
          74     1094083         750         518          75
          75     1093955         811         573          87
          76     1093792         908         636          90
          77     1093585        1039         702         100
          78     1093367        1160         785         114
          79     1093111        1316         873         126
          80     1092845        1451         981         149
          81     1092552        1608        1096         170
          82     1092196        1828        1220         182
          83     1091829        2048        1350         199
          84     1091421        2273        1510         222
          85     1090950        2528        1708         240
          86     1090411        2822        1928         265
          87     1089804        3185        2142         295
          88     1089118        3576        2402         330
          89     1088385        4003        2657         381
          90     1087570        4457        2970         429
          91     1086620        4997        3335         474
          92     1085509        5656        3727         534
          93     1084348        6320        4165         593
          94     1083008        7113        4644         661
          95     1081582        7885        5229         730
          96     1079947        8797        5869         813
          97     1078155        9817        6550         904
          98     1076140       10959        7330         997
          99     1073992       12072        8235        1127
         100     1071470       13446        9237        1273
         101     1068630       15040       10343        1413
         102     1065507       16794       11573        1552
         103     1062122       18627       12936        1741
         104     1058262       20743       14473        1948
         105     1053908       23221       16112        2185
         106     1049200       25866       17919        2441
         107     1044128       28582       19999        2717
         108     1038432       31601       22345        3048
         109     1032217       34832       24966        3411
         110     1025298       38519       27801        3808
         111     1017652       42568       30979        4227
         112     1009471       46570       34642        4743
         113     1000415       51144       38563        5304
         114      990918       55756       42798        5954
         115      980325       60971       47472        6658
         116      968907       66367       52726        7426
         117      956580       72241       58267        8338
         118      943284       78221       64549        9372
         119      929139       84447       71322       10518
         120      914014       90938       78733       11741
         121      898250       97440       86603       13133
         122      881344      104276       95107       14699
         123      863816      110865      104365       16380
         124      845763      116875      114565       18223
         125      827295      122534      125271       20326
         126      808136      128102      136528       22660
         127      788371      133106      148560       25389
         128      768769      137284      161018       28355
         129      748763      141028      174053       31582
         130      728742      143979      187455       35250
         131      708830      145986      201229       39381
         132      689081      147463      215054       43828
         133      669927      147821      228962       48716
         134      651152      147077      243028       54169
         135      632818      145681      256802       60125
         136      615220      143376      270251       66579
         137      598131      140674      282701       73920
         138      581519      137249      294767       81891
         139      565607      133345      305975       90499
         140      550076      129370      316242       99738
         141      535170      125417      324957      109882
         142      520812      121198      332615      120801
         143      507137      116964      338576      132749
         144      493803      112799      343296      145528
         145      480871      108927      346372      159256
         146      468438      105028      348148      173812
         147      456109      101660      348344      189313
         148      444259       98291      347401      205475
         149      432674       95311      344655      222786
         150      421555       92416      340813      240642
         151      410686       89705      336236      258799
         152      400169       87162      330429      277666
         153      389680       84943      323636      297167
         154      379678       82478      316401      316869
         155      369730       80330      308638      336728
         156      360138       78212      300297      356779
         157      350900       76155      291713      376658
         158      341821       74344      282796      396465
         159      333129       72396      273961      415940
         160      324625       70224      265588      434989
         161      316359       68305      257331      453431
         162      308256       66348      249449      471373
         163      300318       64655      241632      488821
         164      292732       62766      234335      505593
         165      285374       61058      227002      521992
         166      278130       59383      220468      537445
         167      271239       57645      213763      552779
         168      264662       55852      207356      567556
         169      258207       54090      201674      581455
         170      252051       52190      196220      594965
         171      246194       50341      190745      608146
         172      240590       48466      185603      620767
         173      235128       46632      180344      633322
         174      229780       44888      175476      645282
         175      224681       43246      170576      656923
         176      219577       41837      165617      668395
         177      214577       40665      160840      679344
         178      209675       39437      156285      690029
         179      204964       38388      151566      700508
         180      200340       37439      146863      710784
         181      195742       36659      142326      720699
         182      191336       35908      137663      730519
         183      186933       35225      133264      740004
         184      182598       34436      129408      748984
         185      178203       33976      125350      757897
         186      173911       33431      121519      766565
         187      169751       32881      117831      774963
         188      165569       32495      114262      783100
         189      161513       32026      110857      791030
         190      157495       31638      107344      798949
         191      153662       31095      104267      806402
         192      150068       30345      101397      813616
         193      146501       29497       98698      820730
         194      143068       28740       96243      827375
         195      139794       27810       93858      833964
         196      136771       26759       91562      840334
         197      133787       25726       89611      846302
         198      131109       24452       87791      852074
         199      128566       23263       85971      857626
         200      126129       22204       84092      863001
         201      124030       20784       82396      868216
         202      122145       19316       80651      873314
         203      120398       17889       78820      878319
         204      118841       16439       76847      883299
         205      117476       14987       74826      888137
         206      116229       13588       72795      892814
         207      115138       12189       70668      897431
         208      114233       10884       68409      901900
         209      113422        9655       66053      906296
         210      112680        8596       63440      910710
         211      112068        7542       60816      915000
         212      111546        6627       57864      919389
         213      111121        5736       54972      923597
         214      110776        4902       51940      927808
         215      110455        4252       48836      931883
         216      110208        3654       45580      935984
         217      109984        3040       42579      939823
         218      109783        2590       39510      943543
         219      109618        2190       36479      947139
         220      109493        1865       33477      950591
         221      109374        1575       30461      954016
         222      109290        1322       27650      957164
         223      109209        1122       24964      960131
         224      109164         922       22385      962955
         225      109122         768       19970      965566
         226      109085         624       17611      968106
         227      109046         515       15507      970358
         228      109024         408       13666      972328
         229      109007         320       11907      974192
         230      108988         254       10382      975802
         231      108975         216        8978      977257
         232      108960         184        7735      978547
         233      108954         150        6596      979726
         234      108951         118        5616      980741
         235      108944          90        4785      981607
         236      108938          78        4028      982382
         237      108937          61        3373      983055
         238      108934          49        2819      983624
         239      108932          36        2353      984105
         240      108929          29        2000      984468
         241      108925          28        1665      984808
         242      108922          24        1377      985103
         243      108922          20        1156      985328
         244      108921          18         953      985534
         245      108921          13         767      985725
         246      108919          13         625      985869
         247      108918          12         498      985998
         248      108917          10         400      986099
         249      108917           5         327      986177
         250      108917           5         268      986236
         251      108916           5         220      986285
         252      108916           5         190      986315
         253      108916           4         145      986361
         254      108916           2         115      986393
         255      108916           2          98      986410
         256      108915           2          84      986425
         257      108915           2          63      986446
         258      108915           1          50      986460
         259      108915           1          42      986468
         260      108915           1          36      986474
         261      108915           1          30      986480
         262      108915           1          23      986487
         263      108915           1          21      986489
         264      108915           0          19      986492
         265      108915           0          18      986493
         266      108915           0          16      986495
         267      108915           0          13      986498
         268      108914           1           7      986504
         269      108914           1           7      986504
         270      108914           1           7      986504
         271      108914           1           6      986505
         272      108914           1           4      986507
         273      108914           1           3      986508
         274      108914           1           2      986509
         275      108914           1           2      986509
         276      108914           1           2      986509
         277      108914           0           2      986510
         278      108914           0           2      986510
         279      108914           0           2      986510
         280      108914           0           2      986510
         281      108914           0           2      986510
         282      108914           0           1      986511
         283      108914           0           1      986511
         284      108914           0           1      986511
         285      108914           0           1      986511
         286      108914           0           1      986511
         287      108914           0           1      986511
         288      108914           0           1      986511
         289      108914           0           1      986511
         290      108914           0           1      986511
         291      108914           0           1      986511
         292      108914           0           1      986511
         293      108914           0           1      986511
         294      108914           0           0      986512
           1     1095425           1           0           0
           2     1095425           1           0           0
           3     1095425           1           0           0
           4     1095425           1           0           0
           5     1095425           1           0           0
           6     1095425           1           0           0
           7     1095425           1           0           0
           8     1095425           0           1           0
           9     1095425           0           1           0
          10     1095425           0           1           0
          11     1095424           1           1           0
          12     1095421           4           1           0
          13     1095421           4           1           0
          14     1095421           4           1           0
          15     1095421           4           1           0
          16     1095421           4           1           0
          17     1095421           4           1           0
          18     1095421           3           2           0
          19     1095420           2           4           0
          20     1095420           1           5           0
          21     1095417           4           5           0
          22     1095414           7           5           0
          23     1095412           9           5           0
          24     1095407          14           5           0
          25     1095405          16           5           0
          26     1095404          17           5           0
          27     1095403          17           5           1
          28     1095402          15           8           1
          29     1095400          14          11           1
          30     1095396          16          13           1
          31     1095392          18          15           1
          32     1095388          19          18           1
          33     1095380          24          21           1
          34     1095375          28          22           1
          35     1095369          33          23           1
          36     1095363          38          24           1
          37     1095356          42          27           1
          38     1095348          45          28           5
          39     1095341          50          30           5
          40     1095332          51          38           5
          41     1095317          62          42           5
          42     1095298          75          48           5
          43     1095287          81          53           5
          44     1095271          91          59           5
          45     1095247         104          69           6
          46     1095230         115          75           6
          47     1095207         131          80           8
          48     1095183         143          90          10
          49     1095168         140         104          14
          50     1095142         148         119          17
          51     1095098         181         126          21
          52     1095049         207         148          22
          53     1095007         236         160          23
          54     1094947         270         185          24
          55     1094892         306         204          24
          56     1094823         352         222          29
          57     1094764         391         239          32
          58     1094673         442         276          35
          59     1094575         496         312          43
          60     1094468         561         349          48
          61     1094362         618         391          55
          62     1094206         713         447          60
          63     1094072         784         503          67
          64     1093917         875         559          75
          65     1093714        1009         623          80
          66     1093510        1125         700          91
          67     1093284        1234         806         102
          68     1093020        1387         900         119
          69     1092726        1542        1022         136
          70     1092403        1736        1140         147
          71     1092013        1985        1260         168
          72     1091612        2204        1424         186
          73     1091168        2442        1605         211
          74     1090627        2764        1799         236
          75     1090087        3063        2027         249
          76     1089408        3464        2285         269
          77     1088707        3845        2569         305
          78     1087912        4287        2880         347
          79     1087031        4796        3206         393
          80     1085975        5414        3589         448
          81     1084796        6108        4017         505
          82     1083553        6794        4519         560
          83     1082059        7682        5053         632
          84     1080533        8517        5673         703
          85     1078771        9546        6312         797
          86     1076827       10653        7038         908
          87     1074699       11794        7925        1008
          88     1072298       13050        8925        1153
          89     1069543       14647        9950        1286
          90     1066531       16271       11196        1428
          91     1063227       18108       12474        1617
          92     1059536       20153       13915        1822
          93     1055424       22412       15552        2038
          94     1051142       24678       17322        2284
          95     1046158       27341       19369        2558
          96     1040790       30096       21687        2853
          97     1034597       33449       24155        3225
          98     1027891       37057       26843        3635
          99     1020500       40905       29976        4045
         100     1012333       45138       33420        4535
         101     1003451       49807       37103        5065
         102      993959       54627       41143        5697
         103      983674       59726       45642        6384
         104      972554       65098       50654        7120
         105      960389       70841       56273        7923
         106      947351       76837       62315        8923
         107      933420       82988       68969       10049
         108      918678       89187       76322       11239
         109      903045       95681       84078       12622
         110      886626      102182       92529       14089
         111      869297      108790      101625       15714
         112      851046      115394      111358       17628
         113      832355      121604      121814       19653
         114      813064      127215      133198       21949
         115      793224      132800      144907       24495
         116      772995      137903      157133       27395
         117      752465      142288      170135       30538
         118      732214      145763      183399       34050
         119      711933      148082      197467       37944
         120      691857      149756      211689       42124
         121      671799      150894      225868       46865
         122      652582      150616      240237       51991
         123      633476      149630      254518       57802
         124      615222      147461      268610       64133
         125      597264      145092      281878       71192
         126      580109      141856      294426       79035
         127      563745      138046      306107       87528
         128      547954      133770      316890       96812
         129      532718      129381      326749      106578
         130      518057      124819      335205      117345
         131      503979      120391      342162      128894
         132      490514      115656      347706      141550
         133      477643      111041      351618      155124
         134      465111      106764      354121      169430
         135      453050      102676      355007      184693
         136      441696       98646      354457      200627
         137      430477       94814      352584      217551
         138      419848       91012      349276      235290
         139      409550       87648      344526      253702
         140      399637       84300      338698      272791
         141      390059       81192      331878      292297
         142      380763       78214      324292      312157
         143      372080       75293      315388      332665
         144      363587       72535      306266      353038
         145      355582       69624      296856      373364
         146      347646       67028      287243      393509
         147      340083       64468      277153      413722
         148      332703       62042      267368      433313
         149      325426       59876      257572      452552
         150      318619       57769      247931      471107
         151      312105       55681      238366      489274
         152      305827       53710      229176      506713
         153      299826       51815      220330      523455
         154      294088       49793      211902      539643
         155      288570       47834      203955      555067
         156      283365       45681      196336      570044
         157      278198       43815      188862      584551
         158      273193       42134      181891      598208
         159      268448       40407      175158      611413
         160      263921       38825      168579      624101
         161      259560       37363      162074      636429
         162      255408       35904      155997      648117
         163      251414       34603      149962      659447
         164      247495       33196      144399      670336
         165      243810       31899      139043      680674
         166      240220       30626      133614      690966
         167      236722       29431      128599      700674
         168      233226       28459      123645      710096
         169      229817       27638      119128      718843
         170      226224       27154      114414      727634
         171      222661       26776      110127      735862
         172      219101       26551      105940      743834
         173      215454       26591      101786      751595
         174      211919       26494       97932      759081
         175      208350       26595       94015      766466
         176      204562       26917       90602      773345
         177      200740       27210       87352      780124
         178      196867       27586       84492      786481
         179      192851       28060       81904      792611
         180      188902       28394       79702      798428
         181      184925       28807       77648      804046
         182      180954       29208       75843      809421
         183      177051       29416       74337      814622
         184      173072       29575       73034      819745
         185      168958       29814       72058      824596
         186      164967       29875       71326      829258
         187      160990       29866       70896      833674
         188      157117       29788       70562      837959
         189      153300       29649       70455      842022
         190      149562       29413       70472      845979
         191      146009       29063       70620      849734
         192      142555       28408       71077      853386
         193      139233       27720       71556      856917
         194      136106       26902       71939      860479
         195      133097       25912       72490      863927
         196      130350       24924       72707      867445
         197      127798       23620       73011      870997
         198      125394       22340       73137      874555
         199      123196       21065       73079      878086
         200      121221       19656       72884      881665
         201      119519       18162       72485      885260
         202      117963       16631       71844      888988
         203      116618       15135       70877      892796
         204      115464       13572       69861      896529
         205      114493       12131       68251      900551
         206      113610       10700       66593      904523
         207      112891        9321       64688      908526
         208      112266        8086       62636      912438
         209      111710        7036       60253      916427
         210      111239        6083       57685      920419
         211      110838        5191       54976      924421
         212      110518        4482       51867      928559
         213      110254        3791       48934      932447
         214      110059        3205       45732      936430
         215      109860        2687       42665      940214
         216      109712        2277       39372      944065
         217      109579        1899       36346      947602
         218      109467        1567       33251      951141
         219      109363        1315       30209      954539
         220      109288        1100       27304      957734
         221      109219         937       24464      960806
         222      109169         784       21780      963693
         223      109127         668       19281      966350
         224      109081         560       16973      968812
         225      109044         477       14779      971126
         226      109022         395       12807      973202
         227      109008         321       11031      975066
         228      108980         271        9491      976684
         229      108966         224        8124      978112
         230      108959         186        6881      979400
         231      108951         152        5878      980445
         232      108943         119        4991      981373
         233      108938          99        4241      982148
         234      108933          85        3572      982836
         235      108929          63        2985      983449
         236      108927          44        2478      983977
         237      108925          41        2082      984378
         238      108922          33        1709      984762
         239      108922          27        1432      985045
         240      108920          20        1221      985265
         241      108919          15        1028      985464
         242      108917          15         870      985624
         243      108917          11         720      985778
         244      108914          11         598      985903
         245      108913          10         501      986002
         246      108913           9         402      986102
         247      108912          10         334      986170
         248      108912           7         278      986229
         249      108912           5         231      986278
         250      108912           5         191      986318
         251      108912           3         155      986356
         252      108912           2         124      986388
         253      108912           1         104      986409
         254      108912           1          80      986433
         255      108912           1          62      986451
         256      108912           0          53      986461
         257      108912           0          43      986471
         258      108912           0          34      986480
         259      108912           0          28      986486
         260      108912           0          23      986491
         261      108912           0          19      986495
         262      108912           0          16      986498
         263      108912           0          14      986500
         264      108912           0          11      986503
         265      108912           0          11      986503
         266      108912           0           8      986506
         267      108911           1           8      986506
         268      108911           1           5      986509
         269      108911           1           5      986509
         270      108911           1           3      986511
         271      108911           1           1      986513
         272      108911           1           1      986513
         273      108911           1           1      986513
         274      108911           1           0      986514
         275      108911           0           1      986514
         276      108911           0           1      986514
         277      108911           0           1      986514
         278      108911           0           1      986514
         279      108911           0           1      986514
         280      108911           0           1      986514
         281      108911           0           1      986514
         282      108911           0           1      986514
         283      108911           0           1      986514
         284      108911           0           1      986514
         285      108911           0           1      986514
         286      108911           0           1      986514
         287      108911           0           1      986514
         288      108911           0           1      986514
         289      108911           0           1      986514
         290      108911           0           1      986514
         291      108911           0           1      986514
         292      108911           0           1      986514
         293      108911           0           0      986515
           1     1095425           1           0           0
           2     1095425           1           0           0
           3     1095425           1           0           0
           4     1095425           1           0           0
           5     1095425           1           0           0
           6     1095425           1           0           0
           7     1095425           1           0           0
           8     1095425           0           1           0
           9     1095425           0           1           0
          10     1095425           0           1           0
          11     1095425           0           1           0
          12     1095424           1           1           0
          13     1095424           1           1           0
          14     1095423           2           1           0
          15     1095423           2           1           0
          16     1095422           3           1           0
          17     1095421           4           1           0
          18     1095421           4           1           0
          19     1095421           3           2           0
          20     1095421           3           2           0
          21     1095421           2           3           0
          22     1095421           2           3           0
          23     1095419           3           4           0
          24     1095415           7           4           0
          25     1095412           9           5           0
          26     1095409          12           5           0
          27     1095408          13           4           1
          28     1095406          15           4           1
          29     1095404          17           4           1
          30     1095403          16           6           1
          31     1095402          14           9           1
          32     1095399          14          12           1
          33     1095390          21          14           1
          34     1095385          24          16           1
          35     1095380          27          18           1
          36     1095375          30          20           1
          37     1095368          35          22           1
          38     1095361          41          22           2
          39     1095352          49          23           2
          40     1095345          51          28           2
          41     1095338          50          35           3
          42     1095328          55          39           4
          43     1095310          68          43           5
          44     1095296          74          51           5
          45     1095278          88          55           5
          46     1095256          99          66           5
          47     1095241         108          72           5
          48     1095218         125          78           5
          49     1095198         136          86           6
          50     1095169         151          95          11
          51     1095135         167         110          14
          52     1095103         184         124          15
          53     1095070         195         145          16
          54     1095020         229         157          20
          55     1094968         261         175          22
          56     1094908         299         196          23
          57     1094847         334         222          23
          58     1094780         375         246          25
          59     1094701         420         272          33
          60     1094617         469         301          39
          61     1094512         532         339          43
          62     1094410         588         377          51
          63     1094287         657         426          56
          64     1094146         733         485          62
          65     1093992         819         544          71
          66     1093828         921         597          80
          67     1093618        1043         681          84
          68     1093387        1176         770          93
          69     1093117        1347         855         107
          70     1092833        1516         950         127
          71     1092544        1674        1070         138
          72     1092216        1855        1200         155
          73     1091856        2053        1339         178
          74     1091407        2320        1498         201
          75     1090928        2573        1711         214
          76     1090341        2912        1933         240
          77     1089728        3258        2163         277
          78     1089007        3674        2440         305
          79     1088283        4093        2708         342
          80     1087483        4538        3021         384
          81     1086522        5120        3360         424
          82     1085457        5717        3766         486
          83     1084324        6318        4238         546
          84     1082977        7061        4770         618
          85     1081487        7871        5379         689
          86     1079882        8776        5998         770
          87     1078032        9865        6670         859
          88     1075970       11043        7443         970
          89     1073643       12342        8355        1086
          90     1071169       13696        9350        1211
          91     1068422       15252       10415        1337
          92     1065280       16941       11701        1504
          93     1061803       18880       13036        1707
          94     1057974       20986       14542        1924
          95     1053615       23388       16231        2192
          96     1049084       25728       18149        2465
          97     1043658       28805       20230        2733
          98     1037884       31967       22536        3039
          99     1031420       35320       25307        3379
         100     1024288       39266       28081        3791
         101     1016650       43254       31271        4251
         102     1008238       47574       34818        4796
         103      999001       52352       38666        5407
         104      989237       57099       43037        6053
         105      978443       62358       47861        6764
         106      966623       67966       53293        7544
         107      954091       73809       59099        8427
         108      940414       80017       65556        9439
         109      925942       86494       72427       10563
         110      910496       93164       79972       11794
         111      894074      100009       88158       13185
         112      876882      106891       96911       14742
         113      858876      113599      106423       16528
         114      839892      120509      116566       18459
         115      820441      126945      127402       20638
         116      800212      132908      139292       23014
         117      779591      138664      151522       25649
         118      758951      143375      164538       28562
         119      737935      147516      178068       31907
         120      716535      151261      192049       35581
         121      695703      153517      206559       39647
         122      674953      155164      221247       44062
         123      654226      155945      236139       49116
         124      634211      155708      250919       54588
         125      614626      154713      265334       60753
         126      596102      152420      279385       67519
         127      577890      149330      293284       74922
         128      560450      145794      306226       82956
         129      543590      141708      318362       91766
         130      527492      137053      329607      101274
         131      512193      131827      339838      111568
         132      497173      127215      348139      122899
         133      482971      122429      355048      134978
         134      469350      117575      360313      148188
         135      456337      112844      363986      162259
         136      443734      108187      366344      177161
         137      431774      103651      366831      193170
         138      420502       99164      365860      209900
         139      409532       94988      363316      227590
         140      399094       90789      359325      246218
         141      389070       87047      353892      265417
         142      379452       83268      347485      285221
         143      370477       79535      339758      305656
         144      361740       76027      331580      326079
         145      353414       72815      322231      346966
         146      345460       69501      312166      368299
         147      338044       66207      301938      389237
         148      330768       63298      291142      410218
         149      323967       60198      280200      431061
         150      317490       57413      269319      451204
         151      311266       54787      258382      470991
         152      305417       52104      247864      490041
         153      299945       49451      237491      508539
         154      294779       46925      227526      526196
         155      289907       44465      217497      543557
         156      285391       41961      208107      559967
         157      281119       39577      199086      575644
         158      277159       37144      190294      590829
         159      273501       34872      181608      605445
         160      269902       32718      173454      619352
         161      266600       30816      165373      632637
         162      263449       28881      157743      645353
         163      260486       27175      150109      657656
         164      257758       25512      142888      669268
         165      255040       24103      135818      680465
         166      252452       22933      128971      691070
         167      249995       21659      122319      701453
         168      247610       20673      115842      711301
         169      245357       19659      109940      720470
         170      243015       18923      104255      729233
         171      240747       18392       98406      737881
         172      238548       17877       92924      746077
         173      236152       17585       88083      753606
         174      233780       17402       83254      760990
         175      231283       17521       78579      768043
         176      228761       17679       74282      774704
         177      226198       17987       70138      781103
         178      223451       18492       66355      787128
         179      220583       19089       62973      792781
         180      217620       19729       60013      798064
         181      214544       20444       57389      803049
         182      211337       21227       55109      807753
         183      207965       22089       53136      812236
         184      204467       23020       51583      816356
         185      200762       24038       50604      820022
         186      196927       25043       49714      823742
         187      193027       26138       49084      827177
         188      188951       27109       48987      830379
         189      184645       28267       49015      833499
         190      180572       29122       49387      836345
         191      176393       29846       50185      839002
         192      172202       30341       51220      841663
         193      167898       30941       52346      844241
         194      163705       31284       53768      846669
         195      159572       31408       55543      848903
         196      155491       31271       57431      851233
         197      151467       31166       59228      853565
         198      147511       31001       61145      855769
         199      143756       30544       63003      858123
         200      140195       29854       64923      860454
         201      136769       29033       66750      862874
         202      133491       28115       68491      865329
         203      130469       27090       69918      867949
         204      127785       25707       71293      870641
         205      125367       24080       72546      873433
         206      123010       22651       73405      876360
         207      121008       20974       74108      879336
         208      119220       19254       74461      882491
         209      117640       17446       74553      885787
         210      116246       15699       74300      889181
         211      115055       14056       73508      892807
         212      114024       12557       72267      896578
         213      113160       11028       70723      900515
         214      112442        9589       68934      904461
         215      111829        8272       66718      908607
         216      111294        7180       64136      912816
         217      110834        6105       61586      916901
         218      110491        5157       58654      921124
         219      110224        4289       55580      925333
         220      109993        3611       52204      929618
         221      109808        2988       48862      933768
         222      109646        2486       45375      937919
         223      109494        2067       41904      941961
         224      109394        1663       38396      945973
         225      109308        1361       34964      949793
         226      109230        1126       31568      953502
         227      109165         951       28364      956946
         228      109114         792       25263      960257
         229      109073         656       22256      963441
         230      109031         544       19598      966253
         231      109008         437       17154      968827
         232      108989         370       14830      971237
         233      108973         305       12782      973366
         234      108959         237       10880      975350
         235      108944         198        9296      976988
         236      108935         156        7847      978488
         237      108928         122        6590      979786
         238      108922          98        5501      980905
         239      108919          80        4602      981825
         240      108914          66        3814      982632
         241      108910          55        3161      983300
         242      108907          43        2610      983866
         243      108904          34        2134      984354
         244      108900          35        1732      984759
         245      108899          27        1419      985081
         246      108898          22        1180      985326
         247      108897          22         977      985530
         248      108895          17         814      985700
         249      108894          14         672      985846
         250      108893          13         541      985979
         251      108893           8         445      986080
         252      108893           7         371      986155
         253      108893           5         297      986231
         254      108893           5         241      986287
         255      108893           3         197      986333
         256      108892           2         160      986372
         257      108891           2         130      986403
         258      108891           2         105      986428
         259      108891           2          88      986445
         260      108890           3          72      986461
         261      108890           3          58      986475
         262      108890           3          48      986485
         263      108890           2          41      986493
         264      108890           1          32      986503
         265      108890           1          30      986505
         266      108890           1          25      986510
         267      108890           0          21      986515
         268      108890           0          18      986518
         269      108890           0          15      986521
         270      108890           0          11      986525
         271      108890           0          10      986526
         272      108890           0           8      986528
         273      108889           1           8      986528
         274      108889           1           6      986530
         275      108889           1           5      986531
         276      108889           1           4      986532
         277      108889           1           3      986533
         278      108889           1           3      986533
         279      108889           1           3      986533
         280      108889           0           4      986533
         281      108889           0           4      986533
         282      108889           0           3      986534
         283      108889           0           2      986535
         284      108889           0           2      986535
         285      108889           0           2      986535
         286      108889           0           1      986536
         287      108889           0           1      986536
         288      108889           0           1      986536
         289      108889           0           1      986536
         290      108889           0           1      986536
         291      108889           0           1      986536
         292      108889           0           1      986536
         293      108889           0           1      986536
         294      108889           0           1      986536
         295      108889           0           1      986536
         296      108889           0           1      986536
         297      108889           0           1      986536
         298      108889           0           1      986536
         299      108889           0           1      986536
         300      108889           0           0      986537
