 #time susceptible exposed infected recover
           1     1095425           1           0           0
           2     1095425           1           0           0
           3     1095425           1           0           0
           4     1095425           1           0           0
           5     1095425           1           0           0
           6     1095425           1           0           0
           7     1095425           0           1           0
           8     1095425           0           1           0
           9     1095425           0           1           0
          10     1095425           0           1           0
          11     1095423           2           1           0
          12     1095422           3           1           0
          13     1095422           3           1           0
          14     1095421           4           1           0
          15     1095420           5           1           0
          16     1095419           6           1           0
          17     1095419           5           2           0
          18     1095417           5           4           0
          19     1095412          10           4           0
          20     1095410          11           5           0
          21     1095407          13           6           0
          22     1095407          13           6           0
          23     1095403          16           7           0
          24     1095395          23           8           0
          25     1095391          24          10           1
          26     1095385          25          15           1
          27     1095376          34          15           1
          28     1095368          40          17           1
          29     1095358          49          18           1
          30     1095349          53          23           1
          31     1095331          62          32           1
          32     1095323          66          36           1
          33     1095306          74          45           1
          34     1095292          82          51           1
          35     1095273          87          64           2
          36     1095246         107          70           3
          37     1095219         123          80           4
          38     1095189         136          96           5
          39     1095147         164         110           5
          40     1095093         208         119           6
          41     1095029         253         137           7
          42     1094981         275         163           7
          43     1094904         330         182          10
          44     1094827         373         211          15
          45     1094740         429         239          18
          46     1094643         482         282          19
          47     1094525         542         338          21
          48     1094383         627         388          28
          49     1094213         726         455          32
          50     1094013         848         528          37
          51     1093813         967         602          44
          52     1093540        1152         681          53
          53     1093258        1335         769          64
          54     1092937        1513         904          72
          55     1092555        1730        1057          84
          56     1092088        2016        1224          98
          57     1091564        2343        1409         110
          58     1090945        2725        1631         125
          59     1090290        3119        1873         144
          60     1089502        3599        2160         165
          61     1088564        4186        2483         193
          62     1087528        4794        2878         226
          63     1086302        5535        3335         254
          64     1084898        6384        3841         303
          65     1083275        7348        4437         366
          66     1081402        8483        5126         415
          67     1079305        9700        5939         482
          68     1076852       11179        6839         556
          69     1074016       12919        7851         640
          70     1070796       14821        9075         734
          71     1067227       16897       10465         837
          72     1063018       19321       12129         958
          73     1058236       22109       13957        1124
          74     1052772       25353       15980        1321
          75     1046607       28848       18455        1516
          76     1039604       32774       21294        1754
          77     1031691       37325       24393        2017
          78     1022809       42310       27981        2326
          79     1012880       47752       32105        2689
          80     1001467       54036       36809        3114
          81      988655       61073       42105        3593
          82      974696       68460       48110        4160
          83      959474       76236       54901        4815
          84      942753       84516       62625        5532
          85      924865       92956       71204        6401
          86      904919      102299       80830        7378
          87      883791      111270       91886        8479
          88      861514      120223      103874        9815
          89      838184      128855      117077       11310
          90      813558      137538      131250       13080
          91      788414      145480      146473       15059
          92      762782      152151      163128       17365
          93      737284      157134      181015       19993
          94      711446      161233      199730       23017
          95      686043      163694      219316       26373
          96      661353      164492      239297       30284
          97      637532      163400      259644       34850
          98      614829      160879      279774       39944
          99      593041      157028      299631       45726
         100      572438      151834      318844       52310
         101      552847      145740      337081       59758
         102      534122      139412      353749       68143
         103      516330      132918      368575       77603
         104      499215      126978      380930       88303
         105      483108      120673      391311      100334
         106      467367      115215      399062      113782
         107      452668      109822      404519      128417
         108      438480      104843      407761      144342
         109      424820      100321      408685      161600
         110      411654       95878      407173      180721
         111      398950       92081      403372      201023
         112      386558       88464      397659      222745
         113      374806       85114      390013      245493
         114      363617       81804      380330      269675
         115      353035       78414      369385      294592
         116      342820       75286      357467      319853
         117      333232       71925      344922      345347
         118      324006       68707      331648      371065
         119      315102       65567      317968      396789
         120      306751       62270      304563      421842
         121      298996       59275      290995      446160
         122      291667       56179      278232      469348
         123      284757       53333      265719      491617
         124      278180       50374      254052      512820
         125      271978       47498      243087      532863
         126      266105       44839      232406      552076
         127      260532       42338      222135      570421
         128      255359       40015      212101      587951
         129      250532       37646      202950      604298
         130      246029       35469      193560      620368
         131      241626       33512      184827      635461
         132      237474       31571      176414      649967
         133      233532       29782      168226      663886
         134      229613       28368      160161      677284
         135      225678       27299      152246      690203
         136      221693       26567      144479      702687
         137      217683       26104      136791      714848
         138      213540       26001      129577      726308
         139      209399       26088      122845      737094
         140      205234       26316      116222      747654
         141      200891       26763      110303      757469
         142      196305       27369      104883      766869
         143      191700       27907       99921      775898
         144      186901       28634       95423      784468
         145      182148       29316       91332      792630
         146      177393       29921       87947      800165
         147      172640       30340       85197      807249
         148      167889       30742       82838      813957
         149      163047       30954       81086      820339
         150      158288       30961       79840      826337
         151      153427       31130       78804      832065
         152      148579       31122       78268      837457
         153      144039       31012       77912      842463
         154      139709       30503       78089      847125
         155      135492       29964       78339      851631
         156      131480       29183       78912      855851
         157      127761       28070       79716      859879
         158      124439       26537       80635      863815
         159      121316       25004       81321      867785
         160      118578       23252       81758      871838
         161      116233       21319       82104      875770
         162      114199       19289       82128      879810
         163      112590       17004       81818      884014
         164      111238       14857       81255      888076
         165      110112       12790       80164      892360
         166      109231       10702       78618      896875
         167      108451        8959       76567      901449
         168      107925        7266       74114      906121
         169      107501        5924       71117      910884
         170      107189        4709       67839      915689
         171      106916        3764       64368      920378
         172      106725        2960       60648      925093
         173      106591        2235       56599      930001
         174      106503        1690       52507      934726
         175      106435        1281       48095      939615
         176      106379         984       43655      944408
         177      106336         719       39215      949156
         178      106309         513       35028      953576
         179      106286         368       30912      957860
         180      106267         293       26887      961979
         181      106259         210       23208      965749
         182      106252         156       19724      969294
         183      106245         115       16476      972590
         184      106239          85       13601      975501
         185      106237          62       11106      978021
         186      106234          40        8921      980231
         187      106233          31        7119      982043
         188      106231          26        5678      983491
         189      106231          16        4446      984733
         190      106229          13        3436      985748
         191      106227          11        2578      986610
         192      106226          11        1928      987261
         193      106226           7        1476      987717
         194      106226           7        1139      988054
         195      106226           6         815      988379
         196      106225           5         593      988603
         197      106225           3         431      988767
         198      106225           1         326      988874
         199      106224           2         245      988955
         200      106224           2         182      989018
         201      106224           2         131      989069
         202      106224           1          98      989103
         203      106224           1          74      989127
         204      106224           1          52      989149
         205      106224           0          42      989160
         206      106224           0          30      989172
         207      106224           0          25      989177
         208      106224           0          20      989182
         209      106224           0          15      989187
         210      106224           0          11      989191
         211      106224           0           9      989193
         212      106224           0           8      989194
         213      106224           0           7      989195
         214      106224           0           6      989196
         215      106224           0           4      989198
         216      106224           0           3      989199
         217      106224           0           2      989200
         218      106224           0           2      989200
         219      106224           0           2      989200
         220      106224           0           1      989201
         221      106224           0           1      989201
         222      106224           0           1      989201
         223      106224           0           0      989202
           1     1095425           1           0           0
           2     1095425           1           0           0
           3     1095425           1           0           0
           4     1095425           1           0           0
           5     1095425           1           0           0
           6     1095425           1           0           0
           7     1095424           1           1           0
           8     1095424           1           1           0
           9     1095423           2           1           0
          10     1095422           3           1           0
          11     1095422           3           1           0
          12     1095421           4           1           0
          13     1095421           4           1           0
          14     1095421           3           2           0
          15     1095420           4           2           0
          16     1095420           2           4           0
          17     1095418           4           4           0
          18     1095418           3           5           0
          19     1095416           5           5           0
          20     1095414           7           5           0
          21     1095413           8           5           0
          22     1095410          10           6           0
          23     1095410           8           8           0
          24     1095409           9           8           0
          25     1095408          10           7           1
          26     1095404          12           9           1
          27     1095400          13          12           1
          28     1095397          14          14           1
          29     1095391          19          15           1
          30     1095386          23          16           1
          31     1095378          30          17           1
          32     1095370          36          19           1
          33     1095366          36          21           3
          34     1095355          42          25           4
          35     1095347          45          30           4
          36     1095337          51          34           4
          37     1095320          61          40           5
          38     1095308          63          50           5
          39     1095284          82          55           5
          40     1095255         104          61           6
          41     1095226         125          69           6
          42     1095204         139          75           8
          43     1095176         154          87           9
          44     1095133         178         103          12
          45     1095088         203         123          12
          46     1095024         248         139          15
          47     1094965         274         171          16
          48     1094892         324         194          16
          49     1094817         373         219          17
          50     1094735         421         252          18
          51     1094620         491         293          22
          52     1094503         549         347          27
          53     1094359         629         405          33
          54     1094171         757         460          38
          55     1093963         890         527          46
          56     1093760        1020         593          53
          57     1093496        1195         678          57
          58     1093217        1344         800          65
          59     1092844        1582         928          72
          60     1092420        1851        1073          82
          61     1091938        2128        1266          94
          62     1091422        2434        1458         112
          63     1090786        2838        1672         130
          64     1090010        3352        1905         159
          65     1089184        3857        2204         181
          66     1088212        4415        2588         211
          67     1087112        5081        3000         233
          68     1085861        5829        3463         273
          69     1084361        6737        4006         322
          70     1082690        7684        4675         377
          71     1080667        8935        5386         438
          72     1078470       10212        6243         501
          73     1075881       11782        7186         577
          74     1072909       13591        8276         650
          75     1069592       15528        9567         739
          76     1065675       17857       11038         856
          77     1061252       20388       12799         987
          78     1056295       23293       14676        1162
          79     1050487       26663       16922        1354
          80     1044044       30338       19484        1560
          81     1036540       34695       22402        1789
          82     1028195       39400       25761        2070
          83     1018765       44679       29581        2401
          84     1008195       50534       33902        2795
          85      996549       56804       38826        3247
          86      983630       63670       44406        3720
          87      969124       71077       50918        4307
          88      953281       79082       58017        5046
          89      935967       87479       66157        5823
          90      917150       96290       75236        6750
          91      897062      105299       85300        7765
          92      875821      114159       96483        8963
          93      853275      123135      108718       10298
          94      829789      131290      122475       11872
          95      805479      139130      137080       13737
          96      780837      145566      153194       15829
          97      755969      151086      170131       18240
          98      731413      155048      187977       20988
          99      707076      157549      206606       24195
         100      683081      158495      226057       27793
         101      660008      157604      245832       31982
         102      637869      155192      265735       36630
         103      616729      151495      285178       42024
         104      596684      147040      303551       48151
         105      577556      141676      320998       55196
         106      559124      135971      337378       62953
         107      541492      129909      352102       71923
         108      524568      124268      364570       82020
         109      508395      118874      375088       93069
         110      492644      113952      383549      105281
         111      477371      109587      389290      119178
         112      462551      105572      392965      134338
         113      448113      102085      394351      150877
         114      433932       99008      393546      168940
         115      420375       96058      390625      188368
         116      406923       93512      385900      209091
         117      393920       90974      379610      230922
         118      381212       88503      371754      253957
         119      368872       86265      362451      277838
         120      356745       84201      352265      302215
         121      345342       81784      341212      327088
         122      334148       79556      330023      351699
         123      323611       76791      318866      376158
         124      313421       74166      307528      400311
         125      303801       71180      296428      424017
         126      294713       67967      286082      446664
         127      286089       64884      276095      468358
         128      277951       61716      267006      488753
         129      270204       58783      258108      508331
         130      262905       55636      249604      527281
         131      256129       52494      241467      545336
         132      249713       49584      233632      562497
         133      243698       46624      226033      579071
         134      238022       44041      218275      595088
         135      232610       41423      210795      610598
         136      227495       39094      203083      625754
         137      222423       37073      195780      640150
         138      217438       35493      188033      654462
         139      212520       34131      180320      668455
         140      207667       33166      172768      681825
         141      202759       32614      164939      695114
         142      197866       32148      157428      707984
         143      192930       32072      149970      720454
         144      188107       31896      142717      732706
         145      183113       31834      136068      744411
         146      178043       32115      129531      755737
         147      173065       32167      123675      766519
         148      168021       32219      118270      776916
         149      163041       32382      113242      786761
         150      158213       32328      108689      796196
         151      153276       32334      104701      805115
         152      148477       32056      101478      813415
         153      143638       31892       98573      821323
         154      139019       31571       96079      828757
         155      134790       30766       93979      835891
         156      130754       29831       92301      842540
         157      127012       28711       90944      848759
         158      123591       27261       89963      854611
         159      120455       25598       89314      860059
         160      117738       23551       88785      865352
         161      115525       21399       88077      870425
         162      113561       19243       87125      875497
         163      112018       16830       86089      880489
         164      110728       14585       84725      885388
         165      109666       12328       83212      890220
         166      108859       10195       81213      895159
         167      108166        8458       78726      900076
         168      107666        6891       75951      904918
         169      107320        5463       72787      909856
         170      107044        4337       69188      914857
         171      106840        3344       65353      919889
         172      106679        2597       61285      924865
         173      106557        1980       56975      929914
         174      106477        1444       52681      934824
         175      106405        1089       48204      939728
         176      106355         820       43764      944487
         177      106308         636       39068      949414
         178      106272         489       34516      954149
         179      106253         369       30293      958511
         180      106238         286       26238      962664
         181      106229         216       22451      966530
         182      106219         164       18913      970130
         183      106214         119       15667      973426
         184      106211          80       12780      976355
         185      106205          54       10354      978813
         186      106200          44        8305      980877
         187      106199          32        6548      982647
         188      106197          27        5125      984077
         189      106196          21        3971      985238
         190      106195          19        3036      986176
         191      106194          16        2317      986899
         192      106193           9        1724      987500
         193      106193           6        1305      987922
         194      106192           5        1000      988229
         195      106192           4         767      988463
         196      106191           5         555      988675
         197      106191           3         410      988822
         198      106191           2         324      988909
         199      106191           2         243      988990
         200      106191           1         188      989046
         201      106191           1         140      989094
         202      106191           1          96      989138
         203      106191           0          68      989167
         204      106191           0          51      989184
         205      106191           0          39      989196
         206      106191           0          35      989200
         207      106191           0          26      989209
         208      106191           0          22      989213
         209      106191           0          18      989217
         210      106191           0          14      989221
         211      106191           0           9      989226
         212      106191           0           6      989229
         213      106191           0           5      989230
         214      106191           0           5      989230
         215      106191           0           4      989231
         216      106191           0           2      989233
         217      106191           0           2      989233
         218      106191           0           1      989234
         219      106191           0           1      989234
         220      106191           0           1      989234
         221      106191           0           0      989235
           1     1095425           1           0           0
           2     1095425           1           0           0
           3     1095425           1           0           0
           4     1095425           1           0           0
           5     1095425           1           0           0
           6     1095425           1           0           0
           7     1095425           0           1           0
           8     1095425           0           1           0
           9     1095425           0           1           0
          10     1095425           0           1           0
          11     1095424           1           1           0
          12     1095424           1           1           0
          13     1095424           1           1           0
          14     1095423           2           1           0
          15     1095423           2           1           0
          16     1095423           2           1           0
          17     1095423           1           2           0
          18     1095423           1           2           0
          19     1095423           1           2           0
          20     1095419           4           3           0
          21     1095417           6           3           0
          22     1095413          10           3           0
          23     1095411          12           3           0
          24     1095410          13           3           0
          25     1095410          13           3           0
          26     1095409          11           5           1
          27     1095409           9           7           1
          28     1095405           8          12           1
          29     1095402          10          13           1
          30     1095395          16          14           1
          31     1095384          26          15           1
          32     1095376          33          16           1
          33     1095369          40          16           1
          34     1095362          43          20           1
          35     1095353          50          21           2
          36     1095343          56          25           2
          37     1095327          62          35           2
          38     1095312          71          40           3
          39     1095292          83          48           3
          40     1095271          97          55           3
          41     1095255         101          67           3
          42     1095227         119          77           3
          43     1095200         137          86           3
          44     1095161         160         100           5
          45     1095105         199         115           7
          46     1095059         223         132          12
          47     1094997         270         146          13
          48     1094930         306         175          15
          49     1094864         353         193          16
          50     1094786         390         233          17
          51     1094693         443         273          17
          52     1094552         527         327          20
          53     1094403         619         380          24
          54     1094256         710         432          28
          55     1094080         816         493          37
          56     1093842         977         562          45
          57     1093635        1105         635          51
          58     1093384        1235         748          59
          59     1093068        1403         884          71
          60     1092714        1637         998          77
          61     1092301        1878        1159          88
          62     1091824        2141        1354         107
          63     1091186        2544        1571         125
          64     1090559        2954        1769         144
          65     1089848        3377        2036         165
          66     1089001        3884        2350         191
          67     1088047        4458        2708         213
          68     1086960        5116        3104         246
          69     1085628        5865        3640         293
          70     1084076        6812        4191         347
          71     1082354        7863        4809         400
          72     1080294        9165        5507         460
          73     1078034       10508        6358         526
          74     1075344       12157        7322         603
          75     1072329       13982        8421         694
          76     1068850       16023        9742         811
          77     1064921       18299       11255         951
          78     1060417       20916       12995        1098
          79     1055394       23797       14971        1264
          80     1049385       27290       17290        1461
          81     1042715       31116       19923        1672
          82     1035173       35467       22873        1913
          83     1026736       40149       26331        2210
          84     1017070       45614       30216        2526
          85     1006378       51525       34613        2910
          86      994558       57872       39644        3352
          87      981235       64799       45462        3930
          88      966522       72475       51885        4544
          89      950419       80529       59252        5226
          90      933033       88796       67594        6003
          91      913939       97742       76845        6900
          92      893621      106994       86873        7938
          93      871859      116045       98404        9118
          94      849256      124592      111010       10568
          95      825687      132727      124804       12208
          96      801351      140322      139615       14138
          97      776563      146935      155693       16235
          98      751880      151928      172850       18768
          99      727272      155486      191067       21601
         100      703044      157568      209978       24836
         101      679376      158056      229444       28550
         102      656630      156862      249140       32794
         103      634703      154143      269063       37517
         104      613804      150349      288206       43067
         105      594082      145386      306559       49399
         106      575261      139619      324085       56461
         107      557184      133841      339852       64549
         108      539716      128178      353888       73644
         109      522961      122685      366092       83688
         110      506859      117223      376338       95006
         111      491667      112201      384027      107531
         112      476826      107816      389208      121576
         113      462134      103957      392219      137116
         114      448001      100209      393499      153717
         115      434707       96528      392210      171981
         116      421627       93088      389012      191699
         117      408823       90427      383448      212728
         118      396478       87601      376338      235009
         119      384477       84889      368031      258029
         120      372781       82224      358339      282082
         121      361519       79757      347693      306457
         122      350531       77614      336106      331175
         123      340071       75087      324327      355941
         124      329891       72710      312616      380209
         125      320048       70290      300859      404229
         126      310722       67867      289398      427439
         127      301527       65558      278542      449799
         128      292841       63132      268055      471398
         129      284470       60849      258444      491663
         130      276615       58323      249495      510993
         131      269200       55840      241054      529332
         132      262109       53251      232849      547217
         133      255556       50541      225156      564173
         134      249295       47889      217582      580660
         135      243305       45421      210520      596180
         136      237663       42972      203496      611295
         137      232133       40853      196296      626144
         138      226838       38739      189431      640418
         139      221653       37161      182450      654162
         140      216539       35886      175612      667389
         141      211497       34754      168781      680394
         142      206691       33877      161981      692877
         143      201793       33133      155510      704990
         144      196891       32607      149078      716850
         145      191988       32270      142794      728374
         146      186910       32133      136918      739465
         147      181757       32192      131407      750070
         148      176712       32397      125869      760448
         149      171571       32621      120872      770362
         150      166504       32838      116080      780004
         151      161568       32854      111697      789307
         152      156651       32778      107784      798213
         153      151633       32614      104503      806676
         154      147029       32091      101497      814809
         155      142568       31460       98880      822518
         156      138203       30879       96601      829743
         157      134018       29963       94850      836595
         158      130156       28931       93309      843030
         159      126451       27624       92254      849097
         160      123091       26251       91197      854887
         161      120123       24641       90146      860516
         162      117546       22852       89071      865957
         163      115382       20692       88189      871163
         164      113498       18601       86959      876368
         165      111933       16342       85709      881442
         166      110707       14062       84347      886310
         167      109691       11965       82528      891242
         168      108893       10016       80414      896103
         169      108236        8210       77945      901035
         170      107781        6602       75060      905983
         171      107379        5299       71587      911161
         172      107099        4196       67878      916253
         173      106884        3303       63864      921375
         174      106716        2578       59717      926415
         175      106594        1969       55428      931435
         176      106489        1515       51072      936350
         177      106431        1127       46576      941292
         178      106387         852       42120      946067
         179      106344         657       37837      950588
         180      106320         486       33536      955084
         181      106295         359       29465      959307
         182      106276         261       25563      963326
         183      106266         199       21777      967184
         184      106253         157       18381      970635
         185      106245         125       15253      973803
         186      106242          89       12497      976598
         187      106239          68       10145      978974
         188      106237          53        8143      980993
         189      106236          32        6422      982736
         190      106235          24        5054      984113
         191      106234          18        3949      985225
         192      106233          11        3068      986114
         193      106232           9        2332      986853
         194      106231           7        1780      987408
         195      106231           5        1358      987832
         196      106231           4        1017      988174
         197      106231           3         760      988432
         198      106231           3         574      988618
         199      106231           2         417      988776
         200      106231           0         308      988887
         201      106231           0         231      988964
         202      106231           0         174      989021
         203      106231           0         136      989059
         204      106231           0         106      989089
         205      106231           0          76      989119
         206      106231           0          59      989136
         207      106231           0          38      989157
         208      106231           0          27      989168
         209      106231           0          17      989178
         210      106231           0          14      989181
         211      106231           0          10      989185
         212      106231           0           7      989188
         213      106231           0           5      989190
         214      106231           0           5      989190
         215      106231           0           3      989192
         216      106231           0           2      989193
         217      106231           0           2      989193
         218      106231           0           0      989195
           1     1095425           1           0           0
           2     1095425           1           0           0
           3     1095425           1           0           0
           4     1095425           1           0           0
           5     1095425           1           0           0
           6     1095425           1           0           0
           7     1095425           0           1           0
           8     1095423           2           1           0
           9     1095423           2           1           0
          10     1095421           4           1           0
          11     1095421           4           1           0
          12     1095421           4           1           0
          13     1095421           4           1           0
          14     1095418           6           2           0
          15     1095417           6           3           0
          16     1095416           5           5           0
          17     1095413           8           5           0
          18     1095412           9           5           0
          19     1095410          11           5           0
          20     1095408          12           6           0
          21     1095404          14           8           0
          22     1095401          16           9           0
          23     1095398          18          10           0
          24     1095393          21          12           0
          25     1095386          24          15           1
          26     1095380          28          17           1
          27     1095368          37          20           1
          28     1095359          43          23           1
          29     1095350          50          25           1
          30     1095339          56          30           1
          31     1095324          64          37           1
          32     1095308          74          41           3
          33     1095288          87          48           3
          34     1095255         110          58           3
          35     1095232         122          67           5
          36     1095202         142          77           5
          37     1095166         164          91           5
          38     1095124         194         102           6
          39     1095075         221         121           9
          40     1095004         267         146           9
          41     1094947         306         162          11
          42     1094889         326         197          14
          43     1094799         380         232          15
          44     1094689         454         267          16
          45     1094557         542         307          20
          46     1094425         612         366          23
          47     1094261         713         426          26
          48     1094078         838         479          31
          49     1093876         950         564          36
          50     1093644        1088         651          43
          51     1093375        1250         746          55
          52     1093052        1428         882          64
          53     1092697        1639        1018          72
          54     1092228        1947        1171          80
          55     1091742        2239        1348          97
          56     1091156        2595        1566         109
          57     1090494        3023        1777         132
          58     1089740        3476        2056         154
          59     1088890        3980        2379         177
          60     1087934        4509        2772         211
          61     1086775        5221        3191         239
          62     1085389        6054        3702         281
          63     1083860        6969        4267         330
          64     1082115        7989        4929         393
          65     1080066        9227        5682         451
          66     1077763       10657        6495         511
          67     1075192       12150        7500         584
          68     1072052       14054        8635         685
          69     1068517       16147        9950         812
          70     1064513       18435       11547         931
          71     1059953       21138       13253        1082
          72     1054906       23996       15259        1265
          73     1049059       27450       17469        1448
          74     1042404       31192       20158        1672
          75     1034973       35356       23195        1902
          76     1026377       40178       26667        2204
          77     1016852       45335       30683        2556
          78     1006112       51331       35019        2964
          79      994240       57740       39989        3457
          80      980903       64776       45777        3970
          81      966261       72406       52164        4595
          82      950248       80553       59330        5295
          83      932797       88873       67645        6111
          84      913798       97638       76973        7017
          85      893314      106852       87212        8048
          86      871620      115967       98482        9357
          87      848791      124814      110990       10831
          88      824838      133350      124787       12451
          89      800032      141432      139620       14342
          90      774540      148663      155757       16466
          91      748865      154587      173074       18900
          92      723150      159319      191165       21792
          93      697791      162339      210192       25104
          94      672982      163787      229825       28832
          95      649170      163212      249856       33188
          96      625900      161261      270240       38025
          97      603831      157657      290489       43449
          98      582798      153175      309775       49678
          99      562707      147819      328157       56743
         100      543611      141742      345347       64726
         101      525646      135287      360758       73735
         102      508094      129399      374002       83931
         103      491439      123219      385619       95149
         104      475598      117532      394533      107763
         105      460394      111992      401270      121770
         106      445626      107474      405092      137234
         107      431500      103004      406947      153975
         108      417812       98972      406513      172129
         109      404513       95047      404048      191818
         110      391851       91557      398988      213030
         111      379880       87857      392426      235263
         112      368181       84650      384057      258538
         113      357137       81350      373776      283163
         114      346260       78257      362804      308105
         115      335829       75233      350588      333776
         116      325957       72162      337868      359439
         117      316603       69163      324737      384923
         118      308016       66067      311282      410061
         119      299535       63137      298272      434482
         120      291577       59976      286012      457861
         121      284207       56719      273831      480669
         122      277292       53597      262220      502317
         123      270783       50492      251290      522861
         124      264722       47682      240693      542329
         125      259160       44504      230724      561038
         126      253904       41650      221144      578728
         127      248801       38917      211990      595718
         128      243985       36800      202623      612018
         129      239347       34694      193849      627536
         130      234826       32893      185093      642614
         131      230373       31595      176516      656942
         132      226173       30464      167937      670852
         133      222054       29334      159559      684479
         134      217811       28651      151657      697307
         135      213652       28041      144063      709670
         136      209347       27736      136807      721536
         137      204730       27815      130120      732761
         138      200164       28158      123325      743779
         139      195481       28599      116971      754375
         140      190804       29124      110828      764670
         141      186018       29723      105493      774192
         142      181056       30413      100754      783203
         143      176021       30954       96769      791682
         144      170999       31466       93012      799949
         145      165958       31858       90120      807490
         146      161105       32059       87618      814644
         147      156069       32335       85663      821359
         148      151083       32478       84183      827682
         149      146305       32231       83431      833459
         150      141579       31918       83136      838793
         151      137012       31492       82831      844091
         152      132860       30664       82852      849050
         153      128932       29626       83044      853824
         154      125205       28320       83565      858336
         155      121920       26854       83817      862835
         156      119093       24846       84311      867176
         157      116574       22737       84855      871260
         158      114465       20476       84976      875509
         159      112682       18241       84849      879654
         160      111293       15789       84402      883942
         161      110161       13406       83472      888387
         162      109207       11271       81965      892983
         163      108497        9302       80054      897573
         164      107958        7575       77588      902305
         165      107572        5977       74880      906997
         166      107230        4780       71540      911876
         167      107025        3712       67750      916939
         168      106831        2849       63762      921984
         169      106698        2157       59583      926988
         170      106600        1643       55226      931957
         171      106525        1241       50765      936895
         172      106477         907       46173      941869
         173      106430         710       41551      946735
         174      106396         527       37046      951457
         175      106369         390       32550      956117
         176      106356         291       28258      960521
         177      106348         212       24329      964537
         178      106333         165       20603      968325
         179      106319         127       17099      971881
         180      106311          99       14074      974942
         181      106307          76       11428      977615
         182      106306          58        9158      979904
         183      106305          46        7217      981858
         184      106302          35        5688      983401
         185      106302          22        4374      984728
         186      106301          13        3380      985732
         187      106301           7        2553      986565
         188      106301           6        1905      987214
         189      106299           6        1469      987652
         190      106299           4        1094      988029
         191      106298           4         828      988296
         192      106298           3         621      988504
         193      106298           3         472      988653
         194      106298           3         353      988772
         195      106298           1         267      988860
         196      106297           2         201      988926
         197      106297           1         155      988973
         198      106297           1         116      989012
         199      106297           1          85      989043
         200      106297           1          64      989064
         201      106297           1          55      989073
         202      106297           0          45      989084
         203      106297           0          29      989100
         204      106297           0          18      989111
         205      106297           0          11      989118
         206      106297           0          10      989119
         207      106297           0           8      989121
         208      106297           0           6      989123
         209      106297           0           5      989124
         210      106297           0           5      989124
         211      106297           0           4      989125
         212      106297           0           4      989125
         213      106297           0           3      989126
         214      106297           0           2      989127
         215      106297           0           1      989128
         216      106297           0           1      989128
         217      106297           0           1      989128
         218      106297           0           1      989128
         219      106297           0           1      989128
         220      106297           0           0      989129
