 #time average_recover sd_R average_infected sd_I
          24   1.0000000000000000        0.0000000000000000        1264.9000000000001        521.17049993260332     
          25   1.0000000000000000        0.0000000000000000        1762.0999999999999        738.02512829848843     
          26   1.0000000000000000        0.0000000000000000        2483.5000000000000        1070.7845955186319     
          27   1.0000000000000000        0.0000000000000000        3460.0000000000000        1501.6530225055324     
          28   1.0000000000000000        0.0000000000000000        4834.1000000000004        2064.0744875125019     
          29   1.8999999999999999       0.53851648071345048        6757.5000000000000        2858.3871413788575     
          30   3.6000000000000001        1.5620499351813306        9391.0000000000000        3915.9285233517735     
          31   5.5000000000000000        2.1563858652847823        13062.600000000000        5425.0457730787848     
          32   7.7999999999999998        2.4413111231467406        18140.799999999999        7530.2497939975428     
          33   10.000000000000000        3.5777087639996630        25131.400000000001        10399.681602818422     
          34   12.199999999999999        3.9446165846632080        34641.000000000000        14159.511135628938     
          35   17.699999999999999        5.8830264320330921        47563.400000000001        19114.245191479578     
          36   28.199999999999999        12.710625476348516        64881.300000000003        25309.915523565058     
          37   38.200000000000003        18.093092604637818        87697.199999999997        33031.509144451782     
          38   53.700000000000003        24.815519337704771        117093.50000000000        41933.341861220644     
          39   74.000000000000000        33.421549934136806        153896.20000000001        51675.979885823122     
          40   100.59999999999999        39.074800063468039        198305.79999999999        61051.483316623940     
          41   146.19999999999999        56.305949952025536        249568.00000000000        68489.044278628950     
          42   201.59999999999999        81.410318756285434        305590.20000000001        72151.303630357215     
          43   281.69999999999999        119.33402699984612        363209.40000000002        71378.430317848717     
          44   394.69999999999999        174.36172171666581        418647.79999999999        66420.142003461646     
          45   555.29999999999995        241.38229015402109        469109.79999999999        59200.274958483380     
          46   782.20000000000005        327.71719515460268        513111.20000000001        52223.161234838946     
          47   1082.3000000000000        450.43691012171746        551032.19999999995        47126.246501923386     
          48   1509.0000000000000        627.20331631776310        584434.30000000005        43941.931302685414     
          49   2128.0999999999999        909.27635513082612        615050.90000000002        41578.201828481193     
          50   2963.0999999999999        1288.2464399329813        643700.50000000000        39325.899006253174     
          51   4135.8999999999996        1787.7687462308988        671271.19999999995        36873.496625083528     
          52   5789.6999999999998        2460.5936702348890        696409.30000000005        34210.824757814953     
          53   8078.5000000000000        3389.7600873808169        718660.09999999998        31335.994924209375     
          54   11219.500000000000        4672.4513748138670        737887.40000000002        27973.572000014628     
          55   15578.100000000000        6467.1850205479641        753696.19999999995        23757.397705978023     
          56   21598.599999999999        8967.3440794919898        765808.30000000005        18552.948860222576     
          57   29830.299999999999        12272.332606721517        773844.09999999998        12504.349055030376     
          58   41066.699999999997        16622.538669228601        776862.50000000000        6918.8234585114851     
          59   56168.900000000001        22186.622656231386        774149.50000000000        8537.8088318973514     
          60   76251.800000000003        29213.765408793159        764768.00000000000        16804.063865625612     
          61   102315.00000000000        37489.528716696339        748058.19999999995        26572.242746145057     
          62   135468.39999999999        46809.618868775287        723218.09999999998        36823.452734501137     
          63   176170.70000000001        56458.825347415732        690146.19999999995        46729.732065999298     
          64   224075.70000000001        64895.142799827438        649556.09999999998        54975.022847562570     
          65   277879.40000000002        70377.656983164678        603067.40000000002        60048.870067970493     
          66   334477.79999999999        71850.555933548676        554771.00000000000        60749.491997876001     
          67   391035.29999999999        68986.782529771575        506833.70000000001        57286.506533476080     
          68   444077.50000000000        62962.125722135621        462646.70000000001        50926.103654314385     
          69   491480.70000000001        55906.945125002057        424186.20000000001        44003.375329172028     
          70   532536.80000000005        50082.638450464779        391969.40000000002        38739.646330858472     
          71   568591.69999999995        46161.829004168270        364448.40000000002        35631.942585831428     
          72   601180.69999999995        43560.266216014548        340650.09999999998        33770.358625427973     
          73   631618.69999999995        41522.672154017964        318897.59999999998        32401.018796328361     
          74   660423.69999999995        39590.659489456077        298312.20000000001        30874.745721381827     
          75   688162.59999999998        37558.322441771488        278041.70000000001        29286.019897043087     
          76   713990.30000000005        35538.983007535542        258658.10000000001        27998.636714847376     
          77   737621.80000000005        33437.680247886878        240399.39999999999        26977.560609514021     
          78   759032.19999999995        31102.628492782314        223241.70000000001        26111.163072716514     
          79   778352.40000000002        28336.254746173479        207012.20000000001        24934.386745215794     
          80   795684.00000000000        25190.618273476339        191765.20000000001        23197.668856158816     
          81   810965.80000000005        21842.341196858019        177729.89999999999        20826.459696501508     
          82   824365.69999999995        18540.806870526329        165006.20000000001        18076.671777736010     
          83   835808.50000000000        15789.317757585348        153896.60000000001        15607.413425676919     
          84   845794.40000000002        13879.410968768301        144054.79999999999        13814.677323774211     
          85   854539.40000000002        13074.103343632794        135366.39999999999        13055.216422564590     
          86   862467.80000000005        13112.218331004733        127455.10000000001        13106.698802139228     
          87   869900.69999999995        13756.033054996497        120028.00000000000        13755.095477676641     
          88   877169.19999999995        14543.974104766958        112760.39999999999        14543.669634586809     
          89   884987.40000000002        15469.986019384161        104942.60000000001        15469.986019386011     
          90   893394.40000000002        16504.253658980335        96535.600000000006        16504.253658981375     
          91   902136.30000000005        17365.206293332230        87793.699999999997        17365.206293332671     
          92   910994.09999999998        18094.583617481752        78935.899999999994        18094.583617480701     
          93   919923.30000000005        18624.897428169606        70006.699999999997        18624.897428173961     
          94   928564.40000000002        19153.623517234690        61365.599999999999        19153.623517235588     
          95   937371.69999999995        19508.859192944416        52558.300000000003        19508.859192941029     
          96   946193.50000000000        19461.889811887457        43736.500000000000        19461.889811886209     
          97   954701.00000000000        18812.420391858141        35229.000000000000        18812.420391858141     
          98   962573.09999999998        17422.685122851031        27356.900000000001        17422.685122850606     
          99   969513.50000000000        15303.671822474500        20416.500000000000        15303.671822474500     
         100   975392.90000000002        12632.677621550178        14537.100000000000        12632.677621549597     
         101   980240.09999999998        9614.4748733337383        9689.8999999999996        9614.4748733355173     
         102   983865.09999999998        6647.1151705056100        6064.8999999999996        6647.1151705081802     
         103   986435.19999999995        4061.1235095764055        3494.8000000000002        4061.1235095721968     
         104   988079.69999999995        2216.5168643639431        1850.3000000000000        2216.5168643617399     
         105   989042.19999999995        1072.3711857761789        887.79999999999995        1072.3711857374758     
         106   989534.90000000002        471.93865063779242        395.10000000000002        471.93865067400441     
         107   989774.30000000005        183.69433813615828        155.69999999999999        183.69433850829481     
         108   989876.40000000002        63.079631554030080        53.600000000000001        63.079632211990585     
         109   989913.30000000005        20.606063750295689        16.699999999999999        20.606067067735172     
         110   989925.09999999998        6.6400275466531387        4.9000000000000004        6.6400301204136110     
         111   989928.69999999995        2.4104063129999473        1.3000000000000000        2.4103941586387898     
         112   989929.59999999998       0.66337280360480566       0.40000000000000002       0.66332495807107994     
         113   989930.00000000000        0.0000000000000000        0.0000000000000000        0.0000000000000000     
         114   989930.00000000000        0.0000000000000000        0.0000000000000000        0.0000000000000000     
         115   989930.00000000000        0.0000000000000000        0.0000000000000000        0.0000000000000000     
         116   989930.00000000000        0.0000000000000000        0.0000000000000000        0.0000000000000000     
         117   989930.00000000000        0.0000000000000000        0.0000000000000000        0.0000000000000000     
         118   989930.00000000000        0.0000000000000000        0.0000000000000000        0.0000000000000000     
         119   989930.00000000000        0.0000000000000000        0.0000000000000000        0.0000000000000000     
         120   989930.00000000000        0.0000000000000000        0.0000000000000000        0.0000000000000000     
         121   989930.00000000000        0.0000000000000000        0.0000000000000000        0.0000000000000000     
         122   989930.00000000000        0.0000000000000000        0.0000000000000000        0.0000000000000000     
         123   989930.00000000000        0.0000000000000000        0.0000000000000000        0.0000000000000000     
         124   989930.00000000000        0.0000000000000000        0.0000000000000000        0.0000000000000000     
         125   989930.00000000000        0.0000000000000000        0.0000000000000000        0.0000000000000000     
         126   989930.00000000000        0.0000000000000000        0.0000000000000000        0.0000000000000000     
         127   989930.00000000000        0.0000000000000000        0.0000000000000000        0.0000000000000000     
         128   989930.00000000000        0.0000000000000000        0.0000000000000000        0.0000000000000000     
         129   989930.00000000000        0.0000000000000000        0.0000000000000000        0.0000000000000000     
         130   989930.00000000000        0.0000000000000000        0.0000000000000000        0.0000000000000000     
         131   989930.00000000000        0.0000000000000000        0.0000000000000000        0.0000000000000000     
         132   989930.00000000000        0.0000000000000000        0.0000000000000000        0.0000000000000000     
         133   989930.00000000000        0.0000000000000000        0.0000000000000000        0.0000000000000000     
         134   989930.00000000000        0.0000000000000000        0.0000000000000000        0.0000000000000000     
         135   989930.00000000000        0.0000000000000000        0.0000000000000000        0.0000000000000000     
         136   989930.00000000000        0.0000000000000000        0.0000000000000000        0.0000000000000000     
         137   989930.00000000000        0.0000000000000000        0.0000000000000000        0.0000000000000000     
         138   989930.00000000000        0.0000000000000000        0.0000000000000000        0.0000000000000000     
         139   989930.00000000000        0.0000000000000000        0.0000000000000000        0.0000000000000000     
         140   989930.00000000000        0.0000000000000000        0.0000000000000000        0.0000000000000000     
         141   989930.00000000000        0.0000000000000000        0.0000000000000000        0.0000000000000000     
         142   989930.00000000000        0.0000000000000000        0.0000000000000000        0.0000000000000000     
         143   989930.00000000000        0.0000000000000000        0.0000000000000000        0.0000000000000000     
         144   989930.00000000000        0.0000000000000000        0.0000000000000000        0.0000000000000000     
         145   989930.00000000000        0.0000000000000000        0.0000000000000000        0.0000000000000000     
         146   989930.00000000000        0.0000000000000000        0.0000000000000000        0.0000000000000000     
         147   989930.00000000000        0.0000000000000000        0.0000000000000000        0.0000000000000000     
         148   989930.00000000000        0.0000000000000000        0.0000000000000000        0.0000000000000000     
         149   989930.00000000000        0.0000000000000000        0.0000000000000000        0.0000000000000000     
         150   989930.00000000000        0.0000000000000000        0.0000000000000000        0.0000000000000000     
         151   989930.00000000000        0.0000000000000000        0.0000000000000000        0.0000000000000000     
         152   989930.00000000000        0.0000000000000000        0.0000000000000000        0.0000000000000000     
         153   989930.00000000000        0.0000000000000000        0.0000000000000000        0.0000000000000000     
         154   989930.00000000000        0.0000000000000000        0.0000000000000000        0.0000000000000000     
         155   989930.00000000000        0.0000000000000000        0.0000000000000000        0.0000000000000000     
         156   989930.00000000000        0.0000000000000000        0.0000000000000000        0.0000000000000000     
         157   989930.00000000000        0.0000000000000000        0.0000000000000000        0.0000000000000000     
         158   989930.00000000000        0.0000000000000000        0.0000000000000000        0.0000000000000000     
         159   989930.00000000000        0.0000000000000000        0.0000000000000000        0.0000000000000000     
         160   989930.00000000000        0.0000000000000000        0.0000000000000000        0.0000000000000000     
         161   989930.00000000000        0.0000000000000000        0.0000000000000000        0.0000000000000000     
         162   989930.00000000000        0.0000000000000000        0.0000000000000000        0.0000000000000000     
         163   989930.00000000000        0.0000000000000000        0.0000000000000000        0.0000000000000000     
         164   989930.00000000000        0.0000000000000000        0.0000000000000000        0.0000000000000000     
         165   989930.00000000000        0.0000000000000000        0.0000000000000000        0.0000000000000000     
         166   989930.00000000000        0.0000000000000000        0.0000000000000000        0.0000000000000000     
         167   989930.00000000000        0.0000000000000000        0.0000000000000000        0.0000000000000000     
         168   989930.00000000000        0.0000000000000000        0.0000000000000000        0.0000000000000000     
         169   989930.00000000000        0.0000000000000000        0.0000000000000000        0.0000000000000000     
         170   989930.00000000000        0.0000000000000000        0.0000000000000000        0.0000000000000000     
         171   989930.00000000000        0.0000000000000000        0.0000000000000000        0.0000000000000000     
         172   989930.00000000000        0.0000000000000000        0.0000000000000000        0.0000000000000000     
         173   989930.00000000000        0.0000000000000000        0.0000000000000000        0.0000000000000000     
         174   989930.00000000000        0.0000000000000000        0.0000000000000000        0.0000000000000000     
         175   989930.00000000000        0.0000000000000000        0.0000000000000000        0.0000000000000000     
         176   989930.00000000000        0.0000000000000000        0.0000000000000000        0.0000000000000000     
         177   989930.00000000000        0.0000000000000000        0.0000000000000000        0.0000000000000000     
         178   989930.00000000000        0.0000000000000000        0.0000000000000000        0.0000000000000000     
         179   989930.00000000000        0.0000000000000000        0.0000000000000000        0.0000000000000000     
         180   989930.00000000000        0.0000000000000000        0.0000000000000000        0.0000000000000000     
         181   989930.00000000000        0.0000000000000000        0.0000000000000000        0.0000000000000000     
         182   989930.00000000000        0.0000000000000000        0.0000000000000000        0.0000000000000000     
         183   989930.00000000000        0.0000000000000000        0.0000000000000000        0.0000000000000000     
         184   989930.00000000000        0.0000000000000000        0.0000000000000000        0.0000000000000000     
         185   989930.00000000000        0.0000000000000000        0.0000000000000000        0.0000000000000000     
         186   989930.00000000000        0.0000000000000000        0.0000000000000000        0.0000000000000000     
         187   989930.00000000000        0.0000000000000000        0.0000000000000000        0.0000000000000000     
         188   989930.00000000000        0.0000000000000000        0.0000000000000000        0.0000000000000000     
         189   989930.00000000000        0.0000000000000000        0.0000000000000000        0.0000000000000000     
         190   989930.00000000000        0.0000000000000000        0.0000000000000000        0.0000000000000000     
         191   989930.00000000000        0.0000000000000000        0.0000000000000000        0.0000000000000000     
         192   989930.00000000000        0.0000000000000000        0.0000000000000000        0.0000000000000000     
         193   989930.00000000000        0.0000000000000000        0.0000000000000000        0.0000000000000000     
         194   989930.00000000000        0.0000000000000000        0.0000000000000000        0.0000000000000000     
         195   989930.00000000000        0.0000000000000000        0.0000000000000000        0.0000000000000000     
         196   989930.00000000000        0.0000000000000000        0.0000000000000000        0.0000000000000000     
         197   989930.00000000000        0.0000000000000000        0.0000000000000000        0.0000000000000000     
         198   989930.00000000000        0.0000000000000000        0.0000000000000000        0.0000000000000000     
         199   989930.00000000000        0.0000000000000000        0.0000000000000000        0.0000000000000000     
         200   989930.00000000000        0.0000000000000000        0.0000000000000000        0.0000000000000000     
         201   989930.00000000000        0.0000000000000000        0.0000000000000000        0.0000000000000000     
         202   989930.00000000000        0.0000000000000000        0.0000000000000000        0.0000000000000000     
         203   989930.00000000000        0.0000000000000000        0.0000000000000000        0.0000000000000000     
         204   989930.00000000000        0.0000000000000000        0.0000000000000000        0.0000000000000000     
         205   989930.00000000000        0.0000000000000000        0.0000000000000000        0.0000000000000000     
         206   989930.00000000000        0.0000000000000000        0.0000000000000000        0.0000000000000000     
         207   989930.00000000000        0.0000000000000000        0.0000000000000000        0.0000000000000000     
         208   989930.00000000000        0.0000000000000000        0.0000000000000000        0.0000000000000000     
         209   989930.00000000000        0.0000000000000000        0.0000000000000000        0.0000000000000000     
         210   989930.00000000000        0.0000000000000000        0.0000000000000000        0.0000000000000000     
         211   989930.00000000000        0.0000000000000000        0.0000000000000000        0.0000000000000000     
         212   989930.00000000000        0.0000000000000000        0.0000000000000000        0.0000000000000000     
         213   989930.00000000000        0.0000000000000000        0.0000000000000000        0.0000000000000000     
         214   989930.00000000000        0.0000000000000000        0.0000000000000000        0.0000000000000000     
         215   989930.00000000000        0.0000000000000000        0.0000000000000000        0.0000000000000000     
         216   989930.00000000000        0.0000000000000000        0.0000000000000000        0.0000000000000000     
         217   989930.00000000000        0.0000000000000000        0.0000000000000000        0.0000000000000000     
         218   989930.00000000000        0.0000000000000000        0.0000000000000000        0.0000000000000000     
         219   989930.00000000000        0.0000000000000000        0.0000000000000000        0.0000000000000000     
         220   989930.00000000000        0.0000000000000000        0.0000000000000000        0.0000000000000000     
         221   989930.00000000000        0.0000000000000000        0.0000000000000000        0.0000000000000000     
         222   989930.00000000000        0.0000000000000000        0.0000000000000000        0.0000000000000000     
         223   989930.00000000000        0.0000000000000000        0.0000000000000000        0.0000000000000000     
         224   989930.00000000000        0.0000000000000000        0.0000000000000000        0.0000000000000000     
         225   989930.00000000000        0.0000000000000000        0.0000000000000000        0.0000000000000000     
         226   989930.00000000000        0.0000000000000000        0.0000000000000000        0.0000000000000000     
         227   989930.00000000000        0.0000000000000000        0.0000000000000000        0.0000000000000000     
         228   989930.00000000000        0.0000000000000000        0.0000000000000000        0.0000000000000000     
         229   989930.00000000000        0.0000000000000000        0.0000000000000000        0.0000000000000000     
         230   989930.00000000000        0.0000000000000000        0.0000000000000000        0.0000000000000000     
         231   989930.00000000000        0.0000000000000000        0.0000000000000000        0.0000000000000000     
         232   989930.00000000000        0.0000000000000000        0.0000000000000000        0.0000000000000000     
         233   989930.00000000000        0.0000000000000000        0.0000000000000000        0.0000000000000000     
         234   989930.00000000000        0.0000000000000000        0.0000000000000000        0.0000000000000000     
         235   989930.00000000000        0.0000000000000000        0.0000000000000000        0.0000000000000000     
         236   989930.00000000000        0.0000000000000000        0.0000000000000000        0.0000000000000000     
         237   989930.00000000000        0.0000000000000000        0.0000000000000000        0.0000000000000000     
         238   989930.00000000000        0.0000000000000000        0.0000000000000000        0.0000000000000000     
         239   989930.00000000000        0.0000000000000000        0.0000000000000000        0.0000000000000000     
         240   989930.00000000000        0.0000000000000000        0.0000000000000000        0.0000000000000000     
         241   989930.00000000000        0.0000000000000000        0.0000000000000000        0.0000000000000000     
         242   989930.00000000000        0.0000000000000000        0.0000000000000000        0.0000000000000000     
         243   989930.00000000000        0.0000000000000000        0.0000000000000000        0.0000000000000000     
         244   989930.00000000000        0.0000000000000000        0.0000000000000000        0.0000000000000000     
         245   989930.00000000000        0.0000000000000000        0.0000000000000000        0.0000000000000000     
         246   989930.00000000000        0.0000000000000000        0.0000000000000000        0.0000000000000000     
         247   989930.00000000000        0.0000000000000000        0.0000000000000000        0.0000000000000000     
         248   989930.00000000000        0.0000000000000000        0.0000000000000000        0.0000000000000000     
         249   989930.00000000000        0.0000000000000000        0.0000000000000000        0.0000000000000000     
         250   989930.00000000000        0.0000000000000000        0.0000000000000000        0.0000000000000000     
         251   989930.00000000000        0.0000000000000000        0.0000000000000000        0.0000000000000000     
         252   989930.00000000000        0.0000000000000000        0.0000000000000000        0.0000000000000000     
         253   989930.00000000000        0.0000000000000000        0.0000000000000000        0.0000000000000000     
         254   989930.00000000000        0.0000000000000000        0.0000000000000000        0.0000000000000000     
         255   989930.00000000000        0.0000000000000000        0.0000000000000000        0.0000000000000000     
         256   989930.00000000000        0.0000000000000000        0.0000000000000000        0.0000000000000000     
         257   989930.00000000000        0.0000000000000000        0.0000000000000000        0.0000000000000000     
         258   989930.00000000000        0.0000000000000000        0.0000000000000000        0.0000000000000000     
         259   989930.00000000000        0.0000000000000000        0.0000000000000000        0.0000000000000000     
         260   989930.00000000000        0.0000000000000000        0.0000000000000000        0.0000000000000000     
         261   989930.00000000000        0.0000000000000000        0.0000000000000000        0.0000000000000000     
         262   989930.00000000000        0.0000000000000000        0.0000000000000000        0.0000000000000000     
         263   989930.00000000000        0.0000000000000000        0.0000000000000000        0.0000000000000000     
         264   989930.00000000000        0.0000000000000000        0.0000000000000000        0.0000000000000000     
         265   989930.00000000000        0.0000000000000000        0.0000000000000000        0.0000000000000000     
         266   989930.00000000000        0.0000000000000000        0.0000000000000000        0.0000000000000000     
         267   989930.00000000000        0.0000000000000000        0.0000000000000000        0.0000000000000000     
         268   989930.00000000000        0.0000000000000000        0.0000000000000000        0.0000000000000000     
         269   989930.00000000000        0.0000000000000000        0.0000000000000000        0.0000000000000000     
         270   989930.00000000000        0.0000000000000000        0.0000000000000000        0.0000000000000000     
         271   989930.00000000000        0.0000000000000000        0.0000000000000000        0.0000000000000000     
         272   989930.00000000000        0.0000000000000000        0.0000000000000000        0.0000000000000000     
         273   989930.00000000000        0.0000000000000000        0.0000000000000000        0.0000000000000000     
         274   989930.00000000000        0.0000000000000000        0.0000000000000000        0.0000000000000000     
         275   989930.00000000000        0.0000000000000000        0.0000000000000000        0.0000000000000000     
         276   989930.00000000000        0.0000000000000000        0.0000000000000000        0.0000000000000000     
         277   989930.00000000000        0.0000000000000000        0.0000000000000000        0.0000000000000000     
         278   989930.00000000000        0.0000000000000000        0.0000000000000000        0.0000000000000000     
         279   989930.00000000000        0.0000000000000000        0.0000000000000000        0.0000000000000000     
         280   989930.00000000000        0.0000000000000000        0.0000000000000000        0.0000000000000000     
         281   989930.00000000000        0.0000000000000000        0.0000000000000000        0.0000000000000000     
         282   989930.00000000000        0.0000000000000000        0.0000000000000000        0.0000000000000000     
         283   989930.00000000000        0.0000000000000000        0.0000000000000000        0.0000000000000000     
         284   989930.00000000000        0.0000000000000000        0.0000000000000000        0.0000000000000000     
         285   989930.00000000000        0.0000000000000000        0.0000000000000000        0.0000000000000000     
         286   989930.00000000000        0.0000000000000000        0.0000000000000000        0.0000000000000000     
         287   989930.00000000000        0.0000000000000000        0.0000000000000000        0.0000000000000000     
         288   989930.00000000000        0.0000000000000000        0.0000000000000000        0.0000000000000000     
         289   989930.00000000000        0.0000000000000000        0.0000000000000000        0.0000000000000000     
         290   989930.00000000000        0.0000000000000000        0.0000000000000000        0.0000000000000000     
         291   989930.00000000000        0.0000000000000000        0.0000000000000000        0.0000000000000000     
         292   989930.00000000000        0.0000000000000000        0.0000000000000000        0.0000000000000000     
         293   989930.00000000000        0.0000000000000000        0.0000000000000000        0.0000000000000000     
         294   989930.00000000000        0.0000000000000000        0.0000000000000000        0.0000000000000000     
         295   989930.00000000000        0.0000000000000000        0.0000000000000000        0.0000000000000000     
         296   989930.00000000000        0.0000000000000000        0.0000000000000000        0.0000000000000000     
         297   989930.00000000000        0.0000000000000000        0.0000000000000000        0.0000000000000000     
         298   989930.00000000000        0.0000000000000000        0.0000000000000000        0.0000000000000000     
         299   989930.00000000000        0.0000000000000000        0.0000000000000000        0.0000000000000000     
         300   989930.00000000000        0.0000000000000000        0.0000000000000000        0.0000000000000000     
