 #time susceptible exposed infected recover
           1     1095425           1           0           0
           2     1095425           1           0           0
           3     1095425           1           0           0
           4     1095425           1           0           0
           5     1095425           1           0           0
           6     1095425           1           0           0
           7     1095425           0           1           0
           8     1095424           1           1           0
           9     1095420           5           1           0
          10     1095418           7           1           0
          11     1095415          10           1           0
          12     1095414          11           1           0
          13     1095414          11           1           0
          14     1095412          12           2           0
          15     1095408          13           5           0
          16     1095399          20           7           0
          17     1095394          23           9           0
          18     1095378          36          12           0
          19     1095362          52          12           0
          20     1095343          69          14           0
          21     1095313          96          17           0
          22     1095280         125          21           0
          23     1095239         158          29           0
          24     1095182         204          40           0
          25     1095105         266          55           0
          26     1094990         361          74           1
          27     1094862         472          91           1
          28     1094662         634         129           1
          29     1094446         819         160           1
          30     1094167        1047         211           1
          31     1093760        1388         277           1
          32     1093297        1747         381           1
          33     1092619        2308         497           2
          34     1091764        2996         661           5
          35     1090511        4042         866           7
          36     1088914        5387        1116           9
          37     1086904        7057        1454          11
          38     1084249        9293        1873          11
          39     1080764       12149        2499          14
          40     1076357       15824        3230          15
          41     1070709       20414        4279          24
          42     1063314       26397        5684          31
          43     1053650       34280        7457          39
          44     1041300       44265        9803          58
          45     1025671       56864       12818          73
          46     1006192       72348       16789          97
          47      981987       91557       21750         132
          48      952859      114171       28228         168
          49      918087      140341       36784         214
          50      878001      169472       47679         274
          51      832841      200623       61581         381
          52      784696      231336       78891         503
          53      736035      258186      100537         668
          54      689302      278249      127011         864
          55      646782      288650      158874        1120
          56      609490      288649      195817        1470
          57      577329      278259      237944        1894
          58      548855      259819      284271        2481
          59      522708      237444      332052        3222
          60      498405      214233      378491        4297
          61      474824      193385      421474        5743
          62      451325      176724      459912        7465
          63      428627      164601      492342        9856
          64      406414      156557      519522       12933
          65      384803      150815      542935       16873
          66      362849      148045      562702       21830
          67      343524      143397      580163       28342
          68      326094      137383      595144       36805
          69      310390      130142      606936       47958
          70      296460      121634      615490       61842
          71      283826      112292      619854       79454
          72      272581      101346      620384      101115
          73      262729       90554      614356      127787
          74      254132       80676      601057      159561
          75      246619       71634      579882      197291
          76      239554       63841      552432      239599
          77      232956       57150      518804      286516
          78      226213       51941      482508      334764
          79      219307       48366      445300      382453
          80      211684       46707      410070      426965
          81      203350       46913      378368      466795
          82      194501       48551      350807      501567
          83      185168       50994      327542      531722
          84      175501       54105      306627      559193
          85      165950       56698      288429      584349
          86      156537       58892      271613      608384
          87      147391       60157      255982      631896
          88      138890       59924      241537      655075
          89      130911       58851      228245      677419
          90      124194       56084      215691      699457
          91      118665       52003      203177      721581
          92      114389       46790      192147      742100
          93      111245       40671      182963      760547
          94      109137       33921      175181      777187
          95      107749       27062      168575      792040
          96      106825       20716      162470      805415
          97      106273       15116      156866      817171
          98      105923       10531      151158      827814
          99      105718        7083      145618      837007
         100      105598        4547      140220      845061
         101      105536        2867      134690      852333
         102      105507        1754      129000      859165
         103      105498        1041      123028      865859
         104      105496         582      116742      872606
         105      105496         322      109675      879933
         106      105496         160      101851      887919
         107      105496          73       93361      896496
         108      105496          26       84213      905691
         109      105496          12       74864      915054
         110      105496           4       65108      924818
         111      105496           0       55679      934251
         112      105496           0       46454      943476
         113      105496           0       37640      952290
         114      105496           0       29373      960557
         115      105496           0       21931      967999
         116      105496           0       15912      974018
         117      105496           0       10974      978956
         118      105496           0        7309      982621
         119      105496           0        4713      985217
         120      105496           0        2936      986994
         121      105496           0        1778      988152
         122      105496           0        1064      988866
         123      105496           0         579      989351
         124      105496           0         322      989608
         125      105496           0         167      989763
         126      105496           0          72      989858
         127      105496           0          20      989910
         128      105496           0           8      989922
         129      105496           0           1      989929
         130      105496           0           0      989930
           1     1095425           1           0           0
           2     1095425           1           0           0
           3     1095425           1           0           0
           4     1095425           1           0           0
           5     1095425           1           0           0
           6     1095425           1           0           0
           7     1095424           1           1           0
           8     1095422           3           1           0
           9     1095421           4           1           0
          10     1095420           5           1           0
          11     1095417           8           1           0
          12     1095417           8           1           0
          13     1095415          10           1           0
          14     1095411          13           2           0
          15     1095405          16           5           0
          16     1095397          23           6           0
          17     1095391          26           9           0
          18     1095376          41           9           0
          19     1095355          60          11           0
          20     1095327          86          13           0
          21     1095305         104          17           0
          22     1095271         132          23           0
          23     1095230         165          31           0
          24     1095162         222          42           0
          25     1095089         277          60           0
          26     1094965         374          86           1
          27     1094805         507         113           1
          28     1094621         663         141           1
          29     1094369         881         175           1
          30     1094048        1151         226           1
          31     1093652        1476         297           1
          32     1093120        1905         400           1
          33     1092431        2446         547           2
          34     1091431        3270         720           5
          35     1090155        4345         920           6
          36     1088434        5781        1204           7
          37     1086262        7582        1573           9
          38     1083410        9985        2020          11
          39     1079744       13037        2633          12
          40     1075060       16863        3487          16
          41     1068902       21867        4634          23
          42     1061040       28250        6105          31
          43     1050792       36557        8036          41
          44     1037724       47113       10528          61
          45     1021136       60428       13781          81
          46     1000429       77015       17869         113
          47      975266       96746       23277         137
          48      945202      119772       30274         178
          49      909996      146072       39128         230
          50      869685      174673       50771         297
          51      825359      204103       65562         402
          52      778777      232190       83925         534
          53      732899      255029      106774         724
          54      689335      271077      134070         944
          55      651193      276409      166615        1209
          56      617821      272008      204032        1565
          57      588721      258626      246035        2044
          58      562408      239574      290792        2652
          59      536968      218578      336414        3466
          60      512281      198727      379764        4654
          61      488358      181763      419185        6120
          62      464927      169531      452874        8094
          63      442220      161051      481571       10584
          64      420325      155210      506066       13825
          65      398852      150696      527893       17985
          66      376057      148917      546974       23478
          67      354987      145838      564160       30441
          68      335049      142218      578657       39502
          69      316274      137715      590352       51085
          70      299036      132793      597545       66052
          71      283786      126280      600864       84496
          72      270772      116745      600733      107176
          73      260008      105533      594927      134958
          74      251434       93697      582488      167807
          75      244856       80889      564212      205469
          76      239422       68291      540135      247578
          77      234602       56832      510942      293050
          78      230028       47277      478947      339174
          79      225296       40040      446379      383711
          80      220018       35695      415175      424538
          81      214114       34117      386808      460387
          82      207577       34557      361715      491577
          83      200453       36542      339419      519012
          84      193038       39266      317868      545254
          85      185379       42300      297530      570217
          86      177766       44902      278393      594365
          87      170300       46753      260098      618275
          88      162810       48002      243124      641490
          89      155068       48960      227752      663646
          90      147022       49750      213238      685416
          91      138908       50151      198413      707954
          92      130884       50608      184111      729823
          93      123827       50179      170950      750470
          94      117970       48482      159230      769744
          95      113528       45307      148882      787709
          96      110474       40397      140567      803988
          97      108332       34486      134411      818197
          98      107032       27774      130516      830104
          99      106298       20970      128474      839684
         100      105858       14974      127442      847152
         101      105637       10029      126503      853257
         102      105547        6375      125148      858356
         103      105516        3858      122999      863053
         104      105500        2170      120010      867746
         105      105496        1164      115971      872795
         106      105496         573      111053      878304
         107      105496         238      105128      884564
         108      105496         108       98324      891498
         109      105496          37       91182      898711
         110      105496          17       83544      906369
         111      105496           5       75978      913947
         112      105496           0       68424      921506
         113      105496           0       61016      928914
         114      105496           0       53298      936632
         115      105496           0       45335      944595
         116      105496           0       37285      952645
         117      105496           0       29166      960764
         118      105496           0       21702      968228
         119      105496           0       15334      974596
         120      105496           0       10183      979747
         121      105496           0        6452      983478
         122      105496           0        3890      986040
         123      105496           0        2179      987751
         124      105496           0        1170      988760
         125      105496           0         590      989340
         126      105496           0         251      989679
         127      105496           0         105      989825
         128      105496           0          44      989886
         129      105496           0          15      989915
         130      105496           0           3      989927
         131      105496           0           1      989929
         132      105496           0           0      989930
           1     1095425           1           0           0
           2     1095425           1           0           0
           3     1095425           1           0           0
           4     1095425           1           0           0
           5     1095425           1           0           0
           6     1095425           1           0           0
           7     1095424           1           1           0
           8     1095423           2           1           0
           9     1095417           8           1           0
          10     1095414          11           1           0
          11     1095411          14           1           0
          12     1095410          15           1           0
          13     1095408          16           2           0
          14     1095407          17           2           0
          15     1095404          16           6           0
          16     1095393          22          11           0
          17     1095370          43          13           0
          18     1095343          69          14           0
          19     1095317          93          16           0
          20     1095286         122          18           0
          21     1095252         154          20           0
          22     1095211         189          26           0
          23     1095142         240          44           0
          24     1095045         312          69           0
          25     1094906         422          98           0
          26     1094728         575         122           1
          27     1094494         770         161           1
          28     1094233         998         194           1
          29     1093906        1276         243           1
          30     1093438        1657         330           1
          31     1092800        2179         446           1
          32     1091926        2895         604           1
          33     1090849        3759         816           2
          34     1089391        4976        1052           7
          35     1087577        6488        1351          10
          36     1085239        8440        1735          12
          37     1082040       11069        2302          15
          38     1077965       14411        3032          18
          39     1072603       18804        4000          19
          40     1065695       24427        5283          21
          41     1056667       31841        6889          29
          42     1045351       41024        9002          49
          43     1030965       52630       11761          70
          44     1012964       67024       15340          98
          45      990285       84955       20060         126
          46      962412      106660       26193         161
          47      929536      131633       34063         194
          48      891448      159499       44234         245
          49      848822      189325       56950         329
          50      802641      219263       73074         448
          51      755322      246319       93180         605
          52      709822      266580      118207         817
          53      667376      278542      148461        1047
          54      630001      280457      183608        1360
          55      597410      272703      223566        1747
          56      568322      257343      267497        2264
          57      541018      237718      313667        3023
          58      514234      218231      358920        4041
          59      487311      201015      401800        5300
          60      460303      187943      440249        6931
          61      433568      180023      472773        9062
          62      407571      175393      500658       11804
          63      382413      172083      525515       15415
          64      359371      168016      547896       20143
          65      338472      162174      568620       26160
          66      319135      155234      586852       34205
          67      302780      144683      603638       44325
          68      289224      132095      616873       57234
          69      277845      117580      626490       73511
          70      268371      103072      630257       93726
          71      260484       88705      627231      119006
          72      253969       75059      617272      149126
          73      248413       62535      599657      184821
          74      243723       52392      574200      225111
          75      239415       44109      542369      269533
          76      235198       37901      506151      316176
          77      230712       33673      468797      362244
          78      225886       31328      431758      406454
          79      220505       30729      398057      446135
          80      214169       31824      368401      481032
          81      207004       34546      342211      511665
          82      199092       38175      318145      540014
          83      190477       42424      295519      567006
          84      181448       46875      273170      593933
          85      172357       50848      251378      620843
          86      163138       54169      230258      647861
          87      154193       56433      210733      674067
          88      145431       57589      192490      699916
          89      136840       57870      176508      724208
          90      128942       56999      163158      746327
          91      121943       54975      151952      766556
          92      116402       51342      143200      784482
          93      112051       46550      137471      799354
          94      109153       40518      133863      811892
          95      107316       33715      132039      822356
          96      106351       26418      131631      831026
          97      105825       19476      131914      838211
          98      105597       13472      132099      844258
          99      105538        8574      131890      849424
         100      105505        5070      130961      853890
         101      105496        2686      129118      858126
         102      105496        1382      126096      862452
         103      105496         591      122267      867072
         104      105496         227      117462      872241
         105      105496          80      111804      878046
         106      105496          36      105059      884835
         107      105496           7       97414      892509
         108      105496           2       89251      900677
         109      105496           0       80427      909503
         110      105496           0       71329      918601
         111      105496           0       62238      927692
         112      105496           0       53110      936820
         113      105496           0       44187      945743
         114      105496           0       35609      954321
         115      105496           0       27366      962564
         116      105496           0       19881      970049
         117      105496           0       13659      976271
         118      105496           0        8724      981206
         119      105496           0        5105      984825
         120      105496           0        2756      987174
         121      105496           0        1370      988560
         122      105496           0         590      989340
         123      105496           0         213      989717
         124      105496           0          85      989845
         125      105496           0          23      989907
         126      105496           0           5      989925
         127      105496           0           0      989930
           1     1095425           1           0           0
           2     1095425           1           0           0
           3     1095425           1           0           0
           4     1095425           1           0           0
           5     1095425           1           0           0
           6     1095425           1           0           0
           7     1095422           3           1           0
           8     1095419           6           1           0
           9     1095418           7           1           0
          10     1095416           9           1           0
          11     1095414          11           1           0
          12     1095412          13           1           0
          13     1095406          17           3           0
          14     1095399          21           6           0
          15     1095390          30           6           0
          16     1095373          44           9           0
          17     1095363          52          11           0
          18     1095342          70          14           0
          19     1095319          91          16           0
          20     1095287         116          23           0
          21     1095246         150          30           0
          22     1095193         187          46           0
          23     1095120         250          56           0
          24     1095024         330          72           0
          25     1094882         450          94           0
          26     1094723         579         123           1
          27     1094500         765         160           1
          28     1094240         980         205           1
          29     1093878        1264         283           1
          30     1093357        1718         350           1
          31     1092755        2194         476           1
          32     1091901        2906         617           2
          33     1090719        3885         815           7
          34     1089247        5118        1054           7
          35     1087406        6671        1339          10
          36     1085109        8500        1806          11
          37     1081988       11061        2363          14
          38     1077928       14404        3079          15
          39     1072649       18654        4100          23
          40     1065734       24279        5382          31
          41     1056796       31499        7087          44
          42     1045409       40848        9110          59
          43     1031181       52388       11788          69
          44     1013326       66684       15320          96
          45      991235       84115       19952         124
          46      964269      104971       26020         166
          47      931865      129375       33979         207
          48      893604      157505       44043         274
          49      850275      187994       56807         350
          50      803628      218600       72729         469
          51      755015      247290       92518         603
          52      707882      269934      116796         814
          53      664170      283812      146390        1054
          54      625339      287284      181446        1357
          55      591268      280373      221949        1836
          56      562171      264621      266287        2347
          57      535544      243461      313329        3092
          58      510941      220394      359963        4128
          59      487734      198118      404140        5434
          60      466071      178492      443735        7128
          61      445687      162389      478151        9199
          62      426312      150335      506913       11866
          63      407857      140811      531324       15434
          64      389987      133064      552308       20067
          65      372198      126828      570162       26238
          66      353664      123433      584324       34005
          67      335637      120636      594910       44243
          68      318718      117687      601904       57117
          69      302401      115075      604821       73129
          70      287430      111855      603082       93059
          71      274441      107017      596407      117561
          72      263013      100025      585362      147026
          73      253233       91506      568129      182558
          74      244937       82363      544854      223272
          75      238015       72556      516646      268209
          76      231321       63594      484676      315835
          77      224822       56171      450993      363440
          78      218243       50396      417815      408972
          79      211040       47033      387297      450056
          80      203109       46036      359654      486627
          81      194508       47000      335814      518104
          82      185630       48989      314848      545959
          83      176634       51379      295756      571657
          84      168038       53505      278211      595672
          85      159906       54711      262664      618145
          86      152424       54663      249178      639161
          87      145480       53350      237573      659023
          88      138859       51203      227419      677945
          89      132623       48540      218054      696209
          90      126682       45546      209077      714121
          91      121274       42702      199056      732394
          92      116596       39455      188715      750660
          93      112807       36063      178365      768191
          94      109970       32037      168424      784995
          95      108123       27476      159327      800500
          96      106958       22487      151455      814526
          97      106241       17594      144912      826679
          98      105827       13065      139200      837334
          99      105645        9064      134392      846325
         100      105551        5763      130149      853963
         101      105520        3531      125618      860757
         102      105502        2027      120564      867333
         103      105499        1092      114938      873897
         104      105497         541      108643      880745
         105      105496         241      101390      888299
         106      105496          95       93311      896524
         107      105496          40       84473      905417
         108      105496          16       75577      914337
         109      105496           4       66795      923131
         110      105496           2       58416      931512
         111      105496           0       50595      939335
         112      105496           0       43354      946576
         113      105496           0       36516      953414
         114      105496           0       30072      959858
         115      105496           0       24034      965896
         116      105496           0       18378      971552
         117      105496           0       13348      976582
         118      105496           0        9187      980743
         119      105496           0        5817      984113
         120      105496           0        3512      986418
         121      105496           0        1989      987941
         122      105496           0        1097      988833
         123      105496           0         521      989409
         124      105496           0         249      989681
         125      105496           0         107      989823
         126      105496           0          39      989891
         127      105496           0          17      989913
         128      105496           0           5      989925
         129      105496           0           1      989929
         130      105496           0           0      989930
