 #time average_recover sd_R average_infected sd_I
          25  0.90000000000000002       0.29999999999999993        76.900000000000006        16.795535120977814     
          26   1.0000000000000000        0.0000000000000000        95.799999999999997        24.028316628511465     
          27   1.0000000000000000        0.0000000000000000        117.09999999999999        28.300000000000022     
          28   1.0000000000000000        0.0000000000000000        145.59999999999999        32.246550203083800     
          29   1.0000000000000000        0.0000000000000000        180.59999999999999        43.046951111548012     
          30   1.3000000000000000       0.64031242374328479        222.80000000000001        54.416541602714851     
          31   2.0000000000000000       0.77459666924148318        275.10000000000002        66.132367264449186     
          32   2.5000000000000000       0.80622577482985514        335.10000000000002        82.609260982047246     
          33   2.8999999999999999       0.83066238629180722        411.00000000000000        101.34199524382778     
          34   3.3999999999999999       0.66332495807108094        506.89999999999998        124.58125862263549     
          35   3.6000000000000001       0.48989794855663404        627.70000000000005        159.23884576321177     
          36   4.5000000000000000       0.80622577482985414        771.89999999999998        197.64941183823450     
          37   5.9000000000000004        1.8681541692269390        955.89999999999998        241.55928878848772     
          38   7.5000000000000000        2.6551836094703503        1175.9000000000001        295.27629434141784     
          39   9.5999999999999996        2.4979991993593611        1450.9000000000001        366.52242769031193     
          40   11.400000000000000        2.9732137494637016        1776.0000000000000        457.09211325508579     
          41   13.699999999999999        3.1320919526731701        2191.0000000000000        569.48186977286605     
          42   15.600000000000000        3.8262252939418002        2708.4000000000001        703.28986911514630     
          43   19.300000000000001        4.8383881613611743        3319.6999999999998        858.05967741177653     
          44   24.399999999999999        6.4373907757724371        4093.5999999999999        1063.4010720325618     
          45   30.699999999999999        8.2589345559823908        5016.6000000000004        1286.2384071392046     
          46   37.399999999999999        8.2243540779808413        6171.6000000000004        1595.9873558396384     
          47   46.700000000000003        10.040418317978563        7587.0000000000000        1972.4460448894411     
          48   58.700000000000003        13.813399291991798        9325.1000000000004        2421.5440301592689     
          49   70.900000000000006        14.781407240178446        11433.100000000000        2965.9200073501611     
          50   87.099999999999994        20.339370688396468        14026.600000000000        3621.5929147268898     
          51   106.50000000000000        25.877596488082112        17195.400000000001        4410.4707277114949     
          52   131.59999999999999        31.193589084938605        21031.400000000001        5402.0175712413202     
          53   166.00000000000000        38.698837191833022        25687.900000000001        6517.4425574760453     
          54   203.09999999999999        49.235048491902560        31337.700000000001        7907.4883249992781     
          55   248.09999999999999        61.513331888298815        38231.000000000000        9547.8805501535262     
          56   304.39999999999998        76.610965272603238        46494.099999999999        11485.975556738758     
          57   373.50000000000000        92.622081600447771        56393.000000000000        13733.938320816800     
          58   463.10000000000002        112.72218060346411        68172.399999999994        16332.443351807504     
          59   572.20000000000005        142.08152589270702        82031.800000000003        19326.757688758848     
          60   702.60000000000002        176.60305773117298        98335.699999999997        22718.204277847326     
          61   869.60000000000002        221.94377666427127        117176.10000000001        26293.607335053868     
          62   1072.2000000000000        268.22445824346420        138775.89999999999        30092.428381405232     
          63   1319.5000000000000        335.23014482590912        163261.70000000001        33920.941691085100     
          64   1613.9000000000001        410.31535433127465        190386.10000000001        37640.681039136420     
          65   1991.5000000000000        514.11132063007540        219857.50000000000        40967.795816348276     
          66   2456.5000000000000        642.18770620434634        252199.20000000001        43935.688827648926     
          67   3017.9000000000001        783.88678391716758        286049.40000000002        45947.558699456356     
          68   3721.6999999999998        965.25800177983592        320443.90000000002        46790.101065182280     
          69   4566.1999999999998        1167.4969635934835        354828.00000000000        46312.528570571551     
          70   5630.3000000000002        1458.1154995404154        388233.20000000001        44576.079605097526     
          71   6914.1000000000004        1800.8298337155557        419979.70000000001        41762.775034832346     
          72   8486.0000000000000        2210.7153141008462        449491.70000000001        38243.323433116944     
          73   10403.700000000001        2690.6556096981244        476511.70000000001        34410.567191053000     
          74   12795.100000000000        3307.2900220573324        500921.50000000000        30515.308962060139     
          75   15677.600000000000        4020.2926560139863        522692.40000000002        26922.328848745314     
          76   19198.400000000001        4935.8781832618133        542044.00000000000        23638.969283790437     
          77   23488.700000000001        5990.9199301943518        559151.30000000005        20880.117202973554     
          78   28650.299999999999        7257.8022024577149        574219.50000000000        18512.924200406920     
          79   34964.400000000001        8768.5692698410021        587250.09999999998        16518.528024313389     
          80   42564.099999999999        10578.279212140325        598225.59999999998        14728.607776705816     
          81   51689.400000000001        12681.085980309410        607081.50000000000        13264.973073852219     
          82   62602.199999999997        15103.268082107270        613559.50000000000        12330.207745613527     
          83   75517.600000000006        17911.168740202254        617465.80000000005        12002.276582378532     
          84   90718.899999999994        21133.798964928206        618529.00000000000        12527.605429609754     
          85   108396.39999999999        24651.256982961339        616613.19999999995        14033.135849127621     
          86   128786.39999999999        28394.599268875048        611419.90000000002        16471.458681305849     
          87   152035.60000000001        32249.381817951169        602765.69999999995        19498.211190005262     
          88   178133.20000000001        36106.692484358020        590568.19999999995        23056.827669046219     
          89   206631.20000000001        39741.674798125889        575215.40000000002        26734.246835098344     
          90   238173.60000000001        43030.791164467308        556082.90000000002        30448.451127930395     
          91   271685.79999999999        45636.585402065342        534269.40000000002        33832.524000433805     
          92   306427.00000000000        47203.848605807521        510384.59999999998        36375.254344677982     
          93   341555.00000000000        47495.686559939350        485338.40000000002        37801.966243040399     
          94   376418.50000000000        46676.801471930296        459921.90000000002        38294.617850162416     
          95   410133.20000000001        44743.294623440270        435064.79999999999        37735.305531557948     
          96   442184.50000000000        41924.585353345923        411335.70000000001        36201.420568949936     
          97   472348.70000000001        38670.827606995917        389049.20000000001        34218.800451798212     
          98   500301.90000000002        35334.064531128854        368700.59999999998        32111.481087611246     
          99   526053.09999999998        32251.747318401631        350317.20000000001        30108.388272373290     
         100   549887.30000000005        29444.651908452724        333676.50000000000        28266.627412020698     
         101   572075.09999999998        27264.600948667408        318598.70000000001        26887.879299230564     
         102   592957.09999999998        25579.821775962922        304829.59999999998        25848.232447113569     
         103   612777.19999999995        24345.399782300938        292141.79999999999        25122.985200011877     
         104   631731.59999999998        23455.136359441927        280370.50000000000        24764.186654319859     
         105   650094.90000000002        22716.304186421141        269226.09999999998        24534.039131174704     
         106   667722.40000000002        22157.008964207922        258805.20000000001        24403.714216487413     
         107   684808.90000000002        21751.593833325824        248863.39999999999        24319.378586633418     
         108   701330.59999999998        21271.526490592776        239348.50000000000        24114.921323736409     
         109   717302.19999999995        20837.607275310736        230167.29999999999        23780.431644736953     
         110   732783.19999999995        20293.988907064842        221191.70000000001        23253.189114828841     
         111   747598.90000000002        19533.179415803403        212527.10000000001        22353.326962445506     
         112   761875.90000000002        18653.349755203912        203898.10000000001        21218.754470750657     
         113   775319.69999999995        17613.427855192145        195518.29999999999        19780.867514090685     
         114   788105.19999999995        16345.969251168064        187130.60000000001        18036.791888803269     
         115   800202.59999999998        14954.626094958530        178737.10000000001        16120.828579511548     
         116   811413.80000000005        13396.941156845669        170513.79999999999        14119.744323464429     
         117   821887.00000000000        11894.597244126242        162394.89999999999        12225.277464744928     
         118   831666.00000000000        10406.364888852935        154384.20000000001        10416.363490201213     
         119   840792.59999999998        9072.8257913378802        146541.50000000000        8876.0821227610595     
         120   849386.80000000005        8142.9301703924548        138848.50000000000        7814.1632469510132     
         121   857435.80000000005        7663.1474708446076        131421.10000000001        7306.1852214406572     
         122   865206.40000000002        7733.4717585274338        124046.30000000000        7423.4272280395844     
         123   872693.00000000000        8266.5471994040890        116808.39999999999        8030.4710223000093     
         124   879970.59999999998        9141.2561084344543        109689.80000000000        8976.5609539510988     
         125   887118.40000000002        10082.436622165806        102643.80000000000        9976.1122668101070     
         126   894231.19999999995        10941.514801892568        95593.399999999994        10875.281395899627     
         127   901369.90000000002        11644.604333766169        88495.399999999994        11608.301290025216     
         128   908554.59999999998        12179.315146594388        81334.300000000003        12159.339587740737     
         129   915740.59999999998        12556.424755479349        74161.199999999997        12545.110512068048     
         130   922952.40000000002        12722.317078267064        66957.600000000006        12716.914682421952     
         131   930136.00000000000        12757.986745566435        59777.900000000001        12755.033276710801     
         132   937209.50000000000        12593.084477205115        52706.800000000003        12591.198694326125     
         133   944095.69999999995        12184.468712676013        45822.199999999997        12182.813359811442     
         134   950752.90000000002        11650.170019788991        39165.699999999997        11648.634452587141     
         135   957076.09999999998        10865.165534408019        32843.300000000003        10864.255538692003     
         136   962952.90000000002        9925.3925509229612        26966.700000000001        9924.6138368200536     
         137   968324.19999999995        8747.8629367453523        21595.700000000001        8747.2839904738448     
         138   973053.80000000005        7498.6219640668214        16866.500000000000        7498.5203240372703     
         139   977098.00000000000        6181.5868189305229        12822.299999999999        6181.4547163268935     
         140   980426.09999999998        4974.2465047521582        9494.2999999999993        4974.0958786497085     
         141   983088.69999999995        3857.5160932955523        6831.8000000000002        3857.3035867040594     
         142   985163.40000000002        2887.4390105969323        4757.1000000000004        2887.1801970088381     
         143   986686.90000000002        2086.1938764205615        3233.5999999999999        2085.9462217420660     
         144   987784.00000000000        1451.6593953128261        2136.5000000000000        1451.3981018314721     
         145   988544.69999999995        992.94763709360109        1375.8000000000000        992.69096903316301     
         146   989050.69999999995        649.74872847605479        869.79999999999995        649.47083075377600     
         147   989369.90000000002        437.92954917322317        550.60000000000002        437.65927386495531     
         148   989579.50000000000        287.83580380343909        341.00000000000000        287.51278232454291     
         149   989710.00000000000        182.91036042600723        210.50000000000000        182.55259516095629     
         150   989791.19999999995        114.14534609076135        129.30000000000001        113.67325982833428     
         151   989846.09999999998        66.746461238710069        74.400000000000006        66.243792161982995     
         152   989875.90000000002        36.322030738825539        44.600000000000001        35.853033344474490     
         153   989895.19999999995        20.336176105496087        25.300000000000001        19.819434906172276     
         154   989905.09999999998        11.978730743879963        15.400000000000000        10.992724866929036     
         155   989911.40000000002        7.9271663171850069        9.0999999999999996        6.2841069373459906     
         156   989914.59999999998        6.4529169155313006        5.9000000000000004        4.6572524088780067     
         157   989917.09999999998        5.4854432720268838        3.3999999999999999        3.2924155266308657     
         158   989918.30000000005        4.9203494659614879        2.2000000000000002        2.1817424229271425     
         159   989919.30000000005        4.3600329924568806        1.2000000000000000        1.2489995996796797     
         160   989919.59999999998        4.5650945105906624       0.90000000000000002        1.2206555615733703     
         161   989919.80000000005        4.3772036860734502       0.69999999999999996       0.90000000000000002     
         162   989920.19999999995        4.4000122070143171       0.29999999999999999       0.45825756949558399     
         163   989920.30000000005        4.2906773485517409       0.20000000000000001       0.40000000000000002     
         164   989920.30000000005        4.2906773485517409       0.20000000000000001       0.40000000000000002     
         165   989920.50000000000        4.2011932131315382        0.0000000000000000        0.0000000000000000     
         166   989920.50000000000        4.2011932131315382        0.0000000000000000        0.0000000000000000     
         167   989920.50000000000        4.2011932131315382        0.0000000000000000        0.0000000000000000     
         168   989920.50000000000        4.2011932131315382        0.0000000000000000        0.0000000000000000     
         169   989920.50000000000        4.2011932131315382        0.0000000000000000        0.0000000000000000     
         170   989920.50000000000        4.2011932131315382        0.0000000000000000        0.0000000000000000     
         171   989920.50000000000        4.2011932131315382        0.0000000000000000        0.0000000000000000     
         172   989920.50000000000        4.2011932131315382        0.0000000000000000        0.0000000000000000     
         173   989920.50000000000        4.2011932131315382        0.0000000000000000        0.0000000000000000     
         174   989920.50000000000        4.2011932131315382        0.0000000000000000        0.0000000000000000     
         175   989920.50000000000        4.2011932131315382        0.0000000000000000        0.0000000000000000     
         176   989920.50000000000        4.2011932131315382        0.0000000000000000        0.0000000000000000     
         177   989920.50000000000        4.2011932131315382        0.0000000000000000        0.0000000000000000     
         178   989920.50000000000        4.2011932131315382        0.0000000000000000        0.0000000000000000     
         179   989920.50000000000        4.2011932131315382        0.0000000000000000        0.0000000000000000     
         180   989920.50000000000        4.2011932131315382        0.0000000000000000        0.0000000000000000     
         181   989920.50000000000        4.2011932131315382        0.0000000000000000        0.0000000000000000     
         182   989920.50000000000        4.2011932131315382        0.0000000000000000        0.0000000000000000     
         183   989920.50000000000        4.2011932131315382        0.0000000000000000        0.0000000000000000     
         184   989920.50000000000        4.2011932131315382        0.0000000000000000        0.0000000000000000     
         185   989920.50000000000        4.2011932131315382        0.0000000000000000        0.0000000000000000     
         186   989920.50000000000        4.2011932131315382        0.0000000000000000        0.0000000000000000     
         187   989920.50000000000        4.2011932131315382        0.0000000000000000        0.0000000000000000     
         188   989920.50000000000        4.2011932131315382        0.0000000000000000        0.0000000000000000     
         189   989920.50000000000        4.2011932131315382        0.0000000000000000        0.0000000000000000     
         190   989920.50000000000        4.2011932131315382        0.0000000000000000        0.0000000000000000     
         191   989920.50000000000        4.2011932131315382        0.0000000000000000        0.0000000000000000     
         192   989920.50000000000        4.2011932131315382        0.0000000000000000        0.0000000000000000     
         193   989920.50000000000        4.2011932131315382        0.0000000000000000        0.0000000000000000     
         194   989920.50000000000        4.2011932131315382        0.0000000000000000        0.0000000000000000     
         195   989920.50000000000        4.2011932131315382        0.0000000000000000        0.0000000000000000     
         196   989920.50000000000        4.2011932131315382        0.0000000000000000        0.0000000000000000     
         197   989920.50000000000        4.2011932131315382        0.0000000000000000        0.0000000000000000     
         198   989920.50000000000        4.2011932131315382        0.0000000000000000        0.0000000000000000     
         199   989920.50000000000        4.2011932131315382        0.0000000000000000        0.0000000000000000     
         200   989920.50000000000        4.2011932131315382        0.0000000000000000        0.0000000000000000     
         201   989920.50000000000        4.2011932131315382        0.0000000000000000        0.0000000000000000     
         202   989920.50000000000        4.2011932131315382        0.0000000000000000        0.0000000000000000     
         203   989920.50000000000        4.2011932131315382        0.0000000000000000        0.0000000000000000     
         204   989920.50000000000        4.2011932131315382        0.0000000000000000        0.0000000000000000     
         205   989920.50000000000        4.2011932131315382        0.0000000000000000        0.0000000000000000     
         206   989920.50000000000        4.2011932131315382        0.0000000000000000        0.0000000000000000     
         207   989920.50000000000        4.2011932131315382        0.0000000000000000        0.0000000000000000     
         208   989920.50000000000        4.2011932131315382        0.0000000000000000        0.0000000000000000     
         209   989920.50000000000        4.2011932131315382        0.0000000000000000        0.0000000000000000     
         210   989920.50000000000        4.2011932131315382        0.0000000000000000        0.0000000000000000     
         211   989920.50000000000        4.2011932131315382        0.0000000000000000        0.0000000000000000     
         212   989920.50000000000        4.2011932131315382        0.0000000000000000        0.0000000000000000     
         213   989920.50000000000        4.2011932131315382        0.0000000000000000        0.0000000000000000     
         214   989920.50000000000        4.2011932131315382        0.0000000000000000        0.0000000000000000     
         215   989920.50000000000        4.2011932131315382        0.0000000000000000        0.0000000000000000     
         216   989920.50000000000        4.2011932131315382        0.0000000000000000        0.0000000000000000     
         217   989920.50000000000        4.2011932131315382        0.0000000000000000        0.0000000000000000     
         218   989920.50000000000        4.2011932131315382        0.0000000000000000        0.0000000000000000     
         219   989920.50000000000        4.2011932131315382        0.0000000000000000        0.0000000000000000     
         220   989920.50000000000        4.2011932131315382        0.0000000000000000        0.0000000000000000     
         221   989920.50000000000        4.2011932131315382        0.0000000000000000        0.0000000000000000     
         222   989920.50000000000        4.2011932131315382        0.0000000000000000        0.0000000000000000     
         223   989920.50000000000        4.2011932131315382        0.0000000000000000        0.0000000000000000     
         224   989920.50000000000        4.2011932131315382        0.0000000000000000        0.0000000000000000     
         225   989920.50000000000        4.2011932131315382        0.0000000000000000        0.0000000000000000     
         226   989920.50000000000        4.2011932131315382        0.0000000000000000        0.0000000000000000     
         227   989920.50000000000        4.2011932131315382        0.0000000000000000        0.0000000000000000     
         228   989920.50000000000        4.2011932131315382        0.0000000000000000        0.0000000000000000     
         229   989920.50000000000        4.2011932131315382        0.0000000000000000        0.0000000000000000     
         230   989920.50000000000        4.2011932131315382        0.0000000000000000        0.0000000000000000     
         231   989920.50000000000        4.2011932131315382        0.0000000000000000        0.0000000000000000     
         232   989920.50000000000        4.2011932131315382        0.0000000000000000        0.0000000000000000     
         233   989920.50000000000        4.2011932131315382        0.0000000000000000        0.0000000000000000     
         234   989920.50000000000        4.2011932131315382        0.0000000000000000        0.0000000000000000     
         235   989920.50000000000        4.2011932131315382        0.0000000000000000        0.0000000000000000     
         236   989920.50000000000        4.2011932131315382        0.0000000000000000        0.0000000000000000     
         237   989920.50000000000        4.2011932131315382        0.0000000000000000        0.0000000000000000     
         238   989920.50000000000        4.2011932131315382        0.0000000000000000        0.0000000000000000     
         239   989920.50000000000        4.2011932131315382        0.0000000000000000        0.0000000000000000     
         240   989920.50000000000        4.2011932131315382        0.0000000000000000        0.0000000000000000     
         241   989920.50000000000        4.2011932131315382        0.0000000000000000        0.0000000000000000     
         242   989920.50000000000        4.2011932131315382        0.0000000000000000        0.0000000000000000     
         243   989920.50000000000        4.2011932131315382        0.0000000000000000        0.0000000000000000     
         244   989920.50000000000        4.2011932131315382        0.0000000000000000        0.0000000000000000     
         245   989920.50000000000        4.2011932131315382        0.0000000000000000        0.0000000000000000     
         246   989920.50000000000        4.2011932131315382        0.0000000000000000        0.0000000000000000     
         247   989920.50000000000        4.2011932131315382        0.0000000000000000        0.0000000000000000     
         248   989920.50000000000        4.2011932131315382        0.0000000000000000        0.0000000000000000     
         249   989920.50000000000        4.2011932131315382        0.0000000000000000        0.0000000000000000     
         250   989920.50000000000        4.2011932131315382        0.0000000000000000        0.0000000000000000     
         251   989920.50000000000        4.2011932131315382        0.0000000000000000        0.0000000000000000     
         252   989920.50000000000        4.2011932131315382        0.0000000000000000        0.0000000000000000     
         253   989920.50000000000        4.2011932131315382        0.0000000000000000        0.0000000000000000     
         254   989920.50000000000        4.2011932131315382        0.0000000000000000        0.0000000000000000     
         255   989920.50000000000        4.2011932131315382        0.0000000000000000        0.0000000000000000     
         256   989920.50000000000        4.2011932131315382        0.0000000000000000        0.0000000000000000     
         257   989920.50000000000        4.2011932131315382        0.0000000000000000        0.0000000000000000     
         258   989920.50000000000        4.2011932131315382        0.0000000000000000        0.0000000000000000     
         259   989920.50000000000        4.2011932131315382        0.0000000000000000        0.0000000000000000     
         260   989920.50000000000        4.2011932131315382        0.0000000000000000        0.0000000000000000     
         261   989920.50000000000        4.2011932131315382        0.0000000000000000        0.0000000000000000     
         262   989920.50000000000        4.2011932131315382        0.0000000000000000        0.0000000000000000     
         263   989920.50000000000        4.2011932131315382        0.0000000000000000        0.0000000000000000     
         264   989920.50000000000        4.2011932131315382        0.0000000000000000        0.0000000000000000     
         265   989920.50000000000        4.2011932131315382        0.0000000000000000        0.0000000000000000     
         266   989920.50000000000        4.2011932131315382        0.0000000000000000        0.0000000000000000     
         267   989920.50000000000        4.2011932131315382        0.0000000000000000        0.0000000000000000     
         268   989920.50000000000        4.2011932131315382        0.0000000000000000        0.0000000000000000     
         269   989920.50000000000        4.2011932131315382        0.0000000000000000        0.0000000000000000     
         270   989920.50000000000        4.2011932131315382        0.0000000000000000        0.0000000000000000     
         271   989920.50000000000        4.2011932131315382        0.0000000000000000        0.0000000000000000     
         272   989920.50000000000        4.2011932131315382        0.0000000000000000        0.0000000000000000     
         273   989920.50000000000        4.2011932131315382        0.0000000000000000        0.0000000000000000     
         274   989920.50000000000        4.2011932131315382        0.0000000000000000        0.0000000000000000     
         275   989920.50000000000        4.2011932131315382        0.0000000000000000        0.0000000000000000     
         276   989920.50000000000        4.2011932131315382        0.0000000000000000        0.0000000000000000     
         277   989920.50000000000        4.2011932131315382        0.0000000000000000        0.0000000000000000     
         278   989920.50000000000        4.2011932131315382        0.0000000000000000        0.0000000000000000     
         279   989920.50000000000        4.2011932131315382        0.0000000000000000        0.0000000000000000     
         280   989920.50000000000        4.2011932131315382        0.0000000000000000        0.0000000000000000     
         281   989920.50000000000        4.2011932131315382        0.0000000000000000        0.0000000000000000     
         282   989920.50000000000        4.2011932131315382        0.0000000000000000        0.0000000000000000     
         283   989920.50000000000        4.2011932131315382        0.0000000000000000        0.0000000000000000     
         284   989920.50000000000        4.2011932131315382        0.0000000000000000        0.0000000000000000     
         285   989920.50000000000        4.2011932131315382        0.0000000000000000        0.0000000000000000     
         286   989920.50000000000        4.2011932131315382        0.0000000000000000        0.0000000000000000     
         287   989920.50000000000        4.2011932131315382        0.0000000000000000        0.0000000000000000     
         288   989920.50000000000        4.2011932131315382        0.0000000000000000        0.0000000000000000     
         289   989920.50000000000        4.2011932131315382        0.0000000000000000        0.0000000000000000     
         290   989920.50000000000        4.2011932131315382        0.0000000000000000        0.0000000000000000     
         291   989920.50000000000        4.2011932131315382        0.0000000000000000        0.0000000000000000     
         292   989920.50000000000        4.2011932131315382        0.0000000000000000        0.0000000000000000     
         293   989920.50000000000        4.2011932131315382        0.0000000000000000        0.0000000000000000     
         294   989920.50000000000        4.2011932131315382        0.0000000000000000        0.0000000000000000     
         295   989920.50000000000        4.2011932131315382        0.0000000000000000        0.0000000000000000     
         296   989920.50000000000        4.2011932131315382        0.0000000000000000        0.0000000000000000     
         297   989920.50000000000        4.2011932131315382        0.0000000000000000        0.0000000000000000     
         298   989920.50000000000        4.2011932131315382        0.0000000000000000        0.0000000000000000     
         299   989920.50000000000        4.2011932131315382        0.0000000000000000        0.0000000000000000     
         300   989920.50000000000        4.2011932131315382        0.0000000000000000        0.0000000000000000     
