#time susceptible exposed infected recover
           1     1095425           1           0           0
           2     1095425           1           0           0
           3     1095425           1           0           0
           4     1095425           1           0           0
           5     1095425           1           0           0
           6     1095425           1           0           0
           7     1095425           1           0           0
           8     1095425           0           1           0
           9     1095425           0           1           0
          10     1095425           0           1           0
          11     1095423           2           1           0
          12     1095422           3           1           0
          13     1095422           3           1           0
          14     1095421           4           1           0
          15     1095420           5           1           0
          16     1095419           6           1           0
          17     1095419           6           1           0
          18     1095418           6           2           0
          19     1095415           7           4           0
          20     1095413           9           4           0
          21     1095412           9           5           0
          22     1095412           9           5           0
          23     1095410          10           6           0
          24     1095406          13           7           0
          25     1095402          17           7           0
          26     1095398          20           8           0
          27     1095392          21          13           0
          28     1095391          21          13           1
          29     1095388          24          13           1
          30     1095380          31          14           1
          31     1095377          31          17           1
          32     1095370          33          22           1
          33     1095366          36          23           1
          34     1095360          37          28           1
          35     1095355          38          32           1
          36     1095345          43          36           2
          37     1095334          51          37           4
          38     1095320          60          42           4
          39     1095309          66          46           5
          40     1095299          67          55           5
          41     1095284          80          57           5
          42     1095266          91          64           5
          43     1095248         101          70           7
          44     1095217         126          74           9
          45     1095194         136          83          13
          46     1095166         151          95          14
          47     1095141         168         103          14
          48     1095103         189         119          15
          49     1095081         194         133          18
          50     1095039         217         147          23
          51     1094992         240         170          24
          52     1094952         254         190          30
          53     1094906         274         213          33
          54     1094837         318         234          37
          55     1094770         352         264          40
          56     1094695         400         283          48
          57     1094592         463         317          54
          58     1094487         523         358          58
          59     1094375         600         389          62
          60     1094260         669         431          66
          61     1094153         717         481          75
          62     1093989         816         535          86
          63     1093819         914         597          96
          64     1093637        1019         659         111
          65     1093431        1117         758         120
          66     1093207        1228         858         133
          67     1092899        1421         953         153
          68     1092609        1593        1054         170
          69     1092266        1798        1169         193
          70     1091894        2011        1301         220
          71     1091477        2250        1453         246
          72     1091000        2530        1628         268
          73     1090435        2884        1805         302
          74     1089867        3168        2063         328
          75     1089189        3566        2297         374
          76     1088515        3913        2585         413
          77     1087706        4367        2902         451
          78     1086787        4895        3247         497
          79     1085779        5476        3611         560
          80     1084605        6109        4091         621
          81     1083342        6815        4583         686
          82     1081974        7566        5102         784
          83     1080471        8396        5676         883
          84     1078762        9340        6325         999
          85     1076788       10461        7064        1113
          86     1074644       11649        7907        1226
          87     1072270       12914        8868        1374
          88     1069597       14368        9933        1528
          89     1066702       15982       11042        1700
          90     1063504       17714       12323        1885
          91     1059781       19860       13680        2105
          92     1055797       21967       15278        2384
          93     1051376       24349       17017        2684
          94     1046448       27040       18946        2992
          95     1041072       29838       21162        3354
          96     1035054       33091       23553        3728
          97     1028568       36529       26144        4185
          98     1021554       40149       29000        4723
          99     1013758       44006       32397        5265
         100     1005274       48292       35962        5898
         101      996123       52825       39905        6573
         102      986146       57643       44342        7295
         103      975321       62753       49191        8161
         104      963584       68279       54442        9121
         105      950914       74168       60079       10265
         106      937365       80351       66252       11458
         107      922866       86725       73079       12756
         108      907666       93122       80416       14222
         109      891518       99684       88413       15811
         110      874581      106191       96968       17686
         111      856574      112909      106256       19687
         112      837819      119496      116146       21965
         113      818427      125726      126754       24519
         114      798518      131622      137976       27310
         115      778141      137089      149889       30307
         116      757193      142482      162032       33719
         117      736195      146989      174591       37651
         118      714861      150628      188066       41871
         119      693536      153664      201681       46545
         120      672397      155639      215764       51626
         121      651607      156872      229601       57346
         122      631522      156799      243522       63583
         123      611607      156118      257325       70376
         124      592399      154252      270972       77803
         125      573866      151624      284020       85916
         126      555942      148355      296362       94767
         127      538815      144056      308260      104295
         128      522418      139697      318581      114730
         129      506627      134933      327793      126073
         130      491792      129779      335762      138093
         131      477541      124392      342278      151215
         132      464025      119111      346964      165326
         133      451007      113890      350319      180210
         134      438493      108802      352294      195837
         135      427060      103397      352508      212461
         136      415879       98645      350949      229953
         137      405025       94152      347970      248279
         138      394873       89670      343514      267369
         139      384995       85674      337723      287034
         140      375791       81669      330955      307011
         141      367035       77780      322854      327757
         142      358619       74105      313959      348743
         143      350427       70946      304084      369969
         144      342786       67662      293858      391120
         145      335258       64583      283137      412448
         146      328073       61835      272244      433274
         147      321299       59094      261109      453924
         148      314779       56663      250114      473870
         149      308452       54402      239075      493497
         150      302352       52258      228502      512314
         151      296598       50025      218272      530531
         152      291085       47963      208443      547935
         153      285838       45824      198817      564947
         154      280798       43916      189779      580933
         155      275692       42356      181127      596251
         156      271015       40572      172911      610928
         157      266472       38946      165261      624747
         158      262095       37330      158056      637945
         159      257823       36021      150756      650826
         160      253737       34713      144216      662760
         161      249717       33546      138159      674004
         162      245934       32303      132104      685085
         163      242250       31101      126564      695511
         164      238597       30154      121237      705438
         165      234904       29361      116092      715069
         166      231312       28632      111419      724063
         167      227725       28076      107006      732619
         168      224056       27666      102780      740924
         169      220346       27506       98798      748776
         170      216508       27613       94828      756477
         171      212871       27584       91273      763698
         172      209079       27644       87969      770734
         173      205338       27795       84977      777316
         174      201420       28120       82074      783812
         175      197474       28424       79479      790049
         176      193515       28681       77264      795966
         177      189457       29007       75339      801623
         178      185388       29371       73677      806990
         179      181351       29663       72270      812142
         180      177224       30016       71046      817140
         181      173267       30142       69939      822078
         182      169252       30167       69384      826623
         183      165310       30179       68765      831172
         184      161464       29982       68519      835461
         185      157686       29753       68360      839627
         186      154020       29281       68451      843674
         187      150365       28906       68556      847599
         188      146899       28426       68756      851345
         189      143496       27756       69200      854974
         190      140336       26968       69420      858702
         191      137446       26002       69696      862282
         192      134574       25014       69954      865884
         193      131877       23997       69980      869572
         194      129432       22732       70022      873240
         195      127058       21607       69781      876980
         196      124869       20269       69599      880689
         197      122980       18911       69094      884441
         198      121244       17650       68336      888196
         199      119700       16339       67322      892065
         200      118299       14912       66215      896000
         201      117137       13522       64851      899916
         202      116025       12197       63252      903952
         203      115082       10866       61527      907951
         204      114297        9597       59497      912035
         205      113552        8570       57181      916123
         206      112966        7545       54684      920231
         207      112500        6511       52204      924211
         208      112100        5618       49542      928166
         209      111743        4823       46844      932016
         210      111466        4066       44002      935892
         211      111226        3475       41106      939619
         212      111036        2865       38287      943238
         213      110870        2395       35388      946773
         214      110746        1982       32404      950294
         215      110645        1658       29586      953537
         216      110551        1381       26963      956531
         217      110469        1131       24417      959409
         218      110392         950       21887      962197
         219      110325         795       19520      964786
         220      110285         661       17269      967211
         221      110255         552       15133      969486
         222      110233         463       13226      971504
         223      110208         386       11509      973323
         224      110185         320        9973      974948
         225      110170         250        8599      976407
         226      110155         204        7365      977702
         227      110140         159        6297      978830
         228      110132         134        5290      979870
         229      110127         120        4429      980750
         230      110121         102        3709      981494
         231      110114          80        3071      982161
         232      110113          61        2580      982672
         233      110112          48        2129      983137
         234      110110          38        1780      983498
         235      110107          29        1475      983815
         236      110103          24        1209      984090
         237      110100          25         996      984305
         238      110099          19         836      984472
         239      110098          16         702      984610
         240      110098          14         595      984719
         241      110098          13         484      984831
         242      110097          13         394      984922
         243      110096           8         317      985005
         244      110096           6         257      985067
         245      110096           3         212      985115
         246      110095           3         179      985149
         247      110095           3         156      985172
         248      110095           3         116      985212
         249      110095           2          97      985232
         250      110095           1          84      985246
         251      110095           1          67      985263
         252      110095           1          53      985277
         253      110095           1          39      985291
         254      110095           1          31      985299
         255      110095           0          28      985303
         256      110095           0          21      985310
         257      110095           0          19      985312
         258      110095           0          18      985313
         259      110095           0          16      985315
         260      110095           0          13      985318
         261      110095           0          10      985321
         262      110095           0           6      985325
         263      110095           0           5      985326
         264      110095           0           4      985327
         265      110095           0           3      985328
         266      110095           0           3      985328
         267      110095           0           2      985329
         268      110095           0           1      985330
         269      110095           0           1      985330
         270      110095           0           1      985330
         271      110095           0           1      985330
         272      110095           0           0      985331
           1     1095425           1           0           0
           2     1095425           1           0           0
           3     1095425           1           0           0
           4     1095425           1           0           0
           5     1095425           1           0           0
           6     1095425           1           0           0
           7     1095425           1           0           0
           8     1095425           1           0           0
           9     1095424           1           1           0
          10     1095424           1           1           0
          11     1095423           2           1           0
          12     1095423           2           1           0
          13     1095423           2           1           0
          14     1095423           2           1           0
          15     1095421           4           1           0
          16     1095420           5           1           0
          17     1095420           4           2           0
          18     1095419           4           3           0
          19     1095415           8           3           0
          20     1095415           8           3           0
          21     1095413          10           3           0
          22     1095412           9           5           0
          23     1095412           9           5           0
          24     1095412           8           6           0
          25     1095410           9           7           0
          26     1095408           8           9           1
          27     1095405          10          10           1
          28     1095402          12          11           1
          29     1095399          14          12           1
          30     1095396          16          13           1
          31     1095394          18          13           1
          32     1095393          19          13           1
          33     1095388          20          17           1
          34     1095386          22          17           1
          35     1095378          26          20           2
          36     1095370          30          24           2
          37     1095366          31          26           3
          38     1095360          35          28           3
          39     1095347          47          29           3
          40     1095342          49          31           4
          41     1095332          57          33           4
          42     1095328          52          40           6
          43     1095311          63          45           7
          44     1095296          72          49           9
          45     1095278          86          51          11
          46     1095261          94          58          13
          47     1095243         100          70          13
          48     1095222         112          79          13
          49     1095205         124          83          14
          50     1095178         146          87          15
          51     1095145         160         103          18
          52     1095113         177         116          20
          53     1095072         198         134          22
          54     1095035         218         147          26
          55     1095003         229         166          28
          56     1094954         257         183          32
          57     1094888         312         193          33
          58     1094822         341         227          36
          59     1094743         387         260          36
          60     1094668         420         292          46
          61     1094600         449         326          51
          62     1094496         527         346          57
          63     1094387         593         381          65
          64     1094262         661         429          74
          65     1094124         732         487          83
          66     1093973         809         554          90
          67     1093777         933         619          97
          68     1093563        1077         680         106
          69     1093371        1192         743         120
          70     1093151        1307         825         143
          71     1092873        1455         940         158
          72     1092562        1623        1068         173
          73     1092237        1803        1189         197
          74     1091894        1968        1352         212
          75     1091476        2198        1517         235
          76     1091010        2458        1692         266
          77     1090457        2807        1865         297
          78     1089901        3110        2082         333
          79     1089242        3479        2330         375
          80     1088520        3888        2609         409
          81     1087721        4352        2903         450
          82     1086769        4924        3227         506
          83     1085761        5480        3623         562
          84     1084660        6050        4072         644
          85     1083460        6737        4514         715
          86     1082039        7531        5068         788
          87     1080476        8401        5673         876
          88     1078778        9337        6336         975
          89     1076776       10485        7062        1103
          90     1074562       11694        7927        1243
          91     1072205       13008        8828        1385
          92     1069552       14466        9850        1558
          93     1066595       16144       10933        1754
          94     1063327       17906       12228        1965
          95     1059755       19889       13617        2165
          96     1055702       22139       15156        2429
          97     1051335       24298       17070        2723
          98     1046434       26978       18981        3033
          99     1040883       29990       21184        3369
         100     1034794       33228       23673        3731
         101     1028200       36746       26281        4199
         102     1020984       40577       29162        4703
         103     1013179       44569       32433        5245
         104     1004452       49111       36017        5846
         105      995160       53745       40019        6502
         106      984997       58642       44495        7292
         107      973914       63964       49342        8206
         108      961804       69727       54718        9177
         109      948933       75598       60667       10228
         110      935015       82102       66952       11357
         111      920302       88445       73970       12709
         112      904700       95141       81378       14207
         113      888276      101724       89632       15794
         114      870976      108382       98398       17670
         115      852958      114845      107862       19761
         116      834364      120974      118043       22045
         117      814778      127052      129054       24542
         118      794940      132656      140466       27364
         119      774558      137979      152378       30511
         120      753968      142497      165117       33844
         121      733234      146348      178184       37660
         122      712629      149400      191575       41822
         123      692148      151493      205308       46477
         124      671931      152671      219066       51758
         125      652224      152667      232981       57554
         126      632905      151746      246777       63998
         127      614119      150147      260294       70866
         128      595908      147801      273391       78326
         129      578343      144566      285899       86618
         130      561581      140859      297351       95635
         131      545270      136796      308005      105355
         132      529521      132647      317257      116001
         133      514661      127895      325253      127617
         134      500504      123024      331871      140027
         135      486800      118183      336993      153450
         136      473553      113668      340432      167773
         137      460512      109474      342511      182929
         138      448232      105121      343213      198860
         139      436403      100891      342297      215835
         140      424713       97496      339757      233460
         141      413459       94072      336153      251742
         142      402609       91020      331047      270750
         143      392137       87949      324706      290634
         144      381856       85111      317681      310778
         145      372228       82107      309883      331208
         146      363092       79104      301475      351755
         147      354097       76405      292458      372466
         148      345445       73637      283253      393091
         149      337162       70855      273973      413436
         150      329235       68118      264800      433273
         151      321610       65363      255591      452862
         152      314636       62380      246298      472112
         153      307884       59802      237289      490451
         154      301419       57203      228521      508283
         155      295590       54234      220198      525404
         156      289961       51378      212161      541926
         157      284688       48489      204181      558068
         158      279809       45586      196594      573437
         159      275207       42972      189400      587847
         160      270976       40288      182475      601687
         161      266791       37812      175526      615297
         162      262973       35563      168406      628484
         163      259397       33323      161620      641086
         164      255965       31328      154970      653163
         165      252787       29483      148216      664940
         166      249769       27774      141588      676295
         167      246776       26291      135059      687300
         168      243885       24927      128503      698111
         169      241097       23764      122151      708414
         170      238284       22901      115818      718423
         171      235339       22338      109992      727757
         172      232533       21869      104233      736791
         173      229691       21624       98542      745569
         174      226845       21396       93045      754140
         175      223870       21442       87899      762215
         176      220681       21797       82889      770059
         177      217528       22164       78407      777327
         178      214253       22567       74523      784083
         179      210861       23056       70684      790825
         180      207281       23800       67423      796922
         181      203705       24591       64479      802651
         182      199822       25504       62029      808071
         183      195951       26299       59981      813195
         184      192072       27065       58456      817833
         185      188070       27813       57185      822358
         186      184099       28499       56218      826610
         187      180075       29030       55739      830582
         188      175933       29529       55748      834216
         189      171898       29842       55971      837715
         190      167814       30014       56578      841020
         191      163759       30235       57303      844129
         192      159809       30204       58231      847182
         193      155859       30265       59233      850069
         194      152108       29929       60454      852935
         195      148493       29448       61725      855760
         196      144944       28930       62935      858617
         197      141544       28296       64124      861462
         198      138361       27445       65267      864353
         199      135335       26407       66487      867197
         200      132508       25315       67486      870117
         201      129917       24018       68380      873111
         202      127619       22652       68896      876259
         203      125434       21273       69198      879521
         204      123414       19771       69362      882879
         205      121580       18352       69138      886356
         206      119891       16909       68634      889992
         207      118446       15488       67799      893693
         208      117202       14033       66656      897535
         209      116101       12658       65293      901374
         210      115110       11441       63536      905339
         211      114297       10113       61751      909265
         212      113613        8865       59602      913346
         213      113051        7675       57276      917424
         214      112538        6604       54780      921504
         215      112098        5719       52045      925564
         216      111722        4942       49125      929637
         217      111473        4125       46231      933597
         218      111227        3462       43098      937639
         219      111022        2935       39995      941474
         220      110875        2475       36932      945144
         221      110744        2040       33920      948722
         222      110646        1660       30944      952176
         223      110557        1328       28035      955506
         224      110490        1112       25213      958611
         225      110413         948       22540      961525
         226      110364         761       20073      964228
         227      110311         636       17883      966596
         228      110275         525       15713      968913
         229      110247         449       13696      971034
         230      110217         383       11888      972938
         231      110197         329       10218      974682
         232      110177         282        8718      976249
         233      110160         232        7410      977624
         234      110149         190        6332      978755
         235      110139         153        5307      979827
         236      110127         132        4465      980702
         237      110124         107        3728      981467
         238      110119          85        3143      982079
         239      110118          72        2627      982609
         240      110116          50        2135      983125
         241      110111          41        1737      983537
         242      110109          34        1451      983832
         243      110107          27        1213      984079
         244      110106          20        1021      984279
         245      110104          18         836      984468
         246      110102          18         699      984607
         247      110101          16         580      984729
         248      110100          15         488      984823
         249      110098          15         407      984906
         250      110098          10         344      984974
         251      110098           8         283      985037
         252      110098           7         231      985090
         253      110098           4         186      985138
         254      110098           3         154      985171
         255      110098           2         128      985198
         256      110098           0         109      985219
         257      110097           1          92      985236
         258      110097           1          68      985260
         259      110096           2          54      985274
         260      110096           2          44      985284
         261      110096           2          36      985292
         262      110096           2          28      985300
         263      110095           3          26      985302
         264      110095           2          23      985306
         265      110095           2          19      985310
         266      110095           1          15      985315
         267      110095           1          14      985316
         268      110095           1          13      985317
         269      110095           1          11      985319
         270      110095           1          10      985320
         271      110095           0           8      985323
         272      110095           0           7      985324
         273      110095           0           5      985326
         274      110095           0           3      985328
         275      110095           0           3      985328
         276      110095           0           3      985328
         277      110095           0           3      985328
         278      110095           0           3      985328
         279      110095           0           3      985328
         280      110095           0           3      985328
         281      110095           0           3      985328
         282      110095           0           2      985329
         283      110095           0           2      985329
         284      110095           0           1      985330
         285      110095           0           1      985330
         286      110095           0           1      985330
         287      110095           0           1      985330
         288      110095           0           0      985331
           1     1095425           1           0           0
           2     1095425           1           0           0
           3     1095425           1           0           0
           4     1095425           1           0           0
           5     1095425           1           0           0
           6     1095425           1           0           0
           7     1095425           1           0           0
           8     1095425           0           1           0
           9     1095425           0           1           0
          10     1095425           0           1           0
          11     1095424           1           1           0
          12     1095423           2           1           0
          13     1095423           2           1           0
          14     1095422           3           1           0
          15     1095422           3           1           0
          16     1095422           3           1           0
          17     1095421           4           1           0
          18     1095421           4           1           0
          19     1095421           3           2           0
          20     1095421           3           2           0
          21     1095421           2           3           0
          22     1095420           3           3           0
          23     1095420           3           3           0
          24     1095419           3           4           0
          25     1095419           2           5           0
          26     1095417           4           4           1
          27     1095416           5           4           1
          28     1095416           5           4           1
          29     1095415           5           5           1
          30     1095412           8           5           1
          31     1095410          10           5           1
          32     1095408          11           6           1
          33     1095405          12           8           1
          34     1095404          13           8           1
          35     1095401          15           9           1
          36     1095398          17           9           2
          37     1095395          18          10           3
          38     1095393          19          11           3
          39     1095392          18          13           3
          40     1095388          18          16           4
          41     1095380          24          18           4
          42     1095377          24          20           5
          43     1095375          25          21           5
          44     1095363          35          23           5
          45     1095359          36          26           5
          46     1095348          45          28           5
          47     1095338          52          31           5
          48     1095324          59          37           6
          49     1095315          62          42           7
          50     1095306          70          43           7
          51     1095293          79          46           8
          52     1095277          85          54          10
          53     1095256          97          63          10
          54     1095237         109          70          10
          55     1095216         114          84          12
          56     1095186         135          91          14
          57     1095154         158          97          17
          58     1095118         185         104          19
          59     1095089         196         121          20
          60     1095051         214         136          25
          61     1095008         235         156          27
          62     1094962         264         171          29
          63     1094903         292         199          32
          64     1094825         345         222          34
          65     1094748         382         259          37
          66     1094676         428         278          44
          67     1094578         495         307          46
          68     1094463         566         348          49
          69     1094368         619         382          57
          70     1094251         674         438          63
          71     1094115         743         494          74
          72     1093976         806         563          81
          73     1093787         924         627          88
          74     1093595        1030         693         108
          75     1093375        1142         792         117
          76     1093152        1264         887         123
          77     1092878        1433         978         137
          78     1092565        1618        1083         160
          79     1092229        1814        1205         178
          80     1091870        2021        1336         199
          81     1091455        2237        1508         226
          82     1090984        2511        1675         256
          83     1090464        2806        1863         293
          84     1089862        3134        2117         313
          85     1089180        3545        2343         358
          86     1088486        3924        2622         394
          87     1087667        4388        2933         438
          88     1086715        4939        3279         493
          89     1085663        5564        3636         563
          90     1084521        6215        4055         635
          91     1083326        6841        4546         713
          92     1081903        7622        5093         808
          93     1080349        8492        5688         897
          94     1078619        9465        6338        1004
          95     1076678       10521        7110        1117
          96     1074537       11682        7967        1240
          97     1072109       12989        8951        1377
          98     1069396       14517        9967        1546
          99     1066412       16191       11087        1736
         100     1063100       18020       12374        1932
         101     1059433       20053       13795        2145
         102     1055503       22159       15347        2417
         103     1050974       24646       17105        2701
         104     1046121       27191       19086        3028
         105     1040711       30002       21325        3388
         106     1034630       33276       23741        3779
         107     1027981       36764       26482        4199
         108     1020850       40391       29477        4708
         109     1012916       44598       32654        5258
         110     1004258       48976       36281        5911
         111      994950       53640       40267        6569
         112      984766       58624       44687        7349
         113      973645       64083       49494        8204
         114      961641       69720       54855        9210
         115      948917       75525       60669       10315
         116      935144       81679       67110       11493
         117      920534       88027       74055       12810
         118      905038       94568       81495       14325
         119      888511      101336       89595       15984
         120      871494      107670       98438       17824
         121      853563      113954      108134       19775
         122      834711      120501      118086       22128
         123      815229      126747      128738       24712
         124      795171      132798      139981       27476
         125      775116      137684      151949       30677
         126      754526      142278      164417       34205
         127      734054      145974      177499       37899
         128      713396      149036      190782       42212
         129      692992      151034      204616       46784
         130      672774      152075      218567       52010
         131      653167      152043      232421       57795
         132      633847      151367      246083       64129
         133      615102      149655      259637       71032
         134      596858      147383      272632       78553
         135      579229      144445      284860       86892
         136      562303      140904      296467       95752
         137      545839      137120      307006      105461
         138      530103      132957      316118      116248
         139      514585      128911      323988      127942
         140      499657      124966      330652      140151
         141      485162      120847      335909      153508
         142      471231      116925      339657      167613
         143      457867      112805      342148      182606
         144      445048      108975      342687      198716
         145      432685      105182      342096      215463
         146      420646      101585      340160      233035
         147      408958       98020      337085      251363
         148      397753       94558      332601      270514
         149      386907       91303      327092      290124
         150      376332       88249      320586      310259
         151      366173       85334      313213      330706
         152      356540       82359      305343      351184
         153      347379       79271      296980      371796
         154      338507       76210      288470      392239
         155      329976       73351      279574      412525
         156      321818       70505      270632      432471
         157      313980       67635      261938      451873
         158      306515       64673      253286      470952
         159      299471       61803      244643      489509
         160      292515       59526      235957      507428
         161      285894       57029      227764      524739
         162      279509       54707      219820      541390
         163      273481       52348      211946      557651
         164      267807       50073      204382      573164
         165      262286       47948      196770      588422
         166      256946       46073      189436      602971
         167      251834       44160      182170      617262
         168      246750       42421      175412      630843
         169      241833       40901      168750      643942
         170      237038       39488      162451      656449
         171      232356       38254      155973      668843
         172      227706       37393      149601      680726
         173      223043       36547      143723      692113
         174      218590       35837      137898      703101
         175      214098       35227      132279      713822
         176      209618       34681      126940      724187
         177      205068       34391      121881      734086
         178      200546       34144      117314      743422
         179      196115       33904      112912      752495
         180      191666       33713      108883      761164
         181      187173       33555      105131      769567
         182      182806       33520      101530      777570
         183      178488       33371       98488      785079
         184      174135       33151       95687      792453
         185      169806       32934       93243      799443
         186      165674       32675       90901      806176
         187      161535       32342       88869      812680
         188      157595       31769       87137      818925
         189      153630       31364       85657      824775
         190      149834       30803       84440      830349
         191      146183       30064       83411      835768
         192      142761       29241       82406      841018
         193      139519       28256       81529      846122
         194      136312       27269       80683      851162
         195      133421       26095       79935      855975
         196      130657       25002       79034      860733
         197      128154       23534       78331      865407
         198      125820       22198       77301      870107
         199      123587       20878       76322      874639
         200      121636       19517       75204      879069
         201      119974       17898       73947      883607
         202      118475       16426       72382      888143
         203      117194       14829       70752      892651
         204      116103       13288       68880      897155
         205      115135       11814       66942      901535
         206      114322       10414       64654      906036
         207      113566        9005       62456      910399
         208      112985        7818       59839      914784
         209      112484        6734       57065      919143
         210      112057        5778       54124      923467
         211      111729        4921       51075      927701
         212      111448        4161       47998      931819
         213      111190        3547       44805      935884
         214      110990        2921       41649      939866
         215      110833        2444       38424      943725
         216      110679        2049       35273      947425
         217      110565        1708       32225      950928
         218      110470        1429       29280      954247
         219      110385        1205       26294      957542
         220      110328         986       23589      960523
         221      110277         798       20951      963400
         222      110243         666       18489      966028
         223      110214         538       16220      968454
         224      110172         458       14079      970717
         225      110146         371       12109      972800
         226      110132         302       10339      974653
         227      110125         233        8865      976203
         228      110113         194        7494      977625
         229      110102         155        6408      978761
         230      110096         133        5393      979804
         231      110090          97        4556      980683
         232      110084          76        3785      981481
         233      110080          62        3134      982150
         234      110078          53        2585      982710
         235      110075          46        2141      983164
         236      110070          40        1791      983525
         237      110066          36        1463      983861
         238      110063          29        1218      984116
         239      110061          27        1003      984335
         240      110059          23         832      984512
         241      110058          21         680      984667
         242      110056          19         557      984794
         243      110056          16         456      984898
         244      110056          14         362      984994
         245      110056           7         298      985065
         246      110056           7         244      985119
         247      110056           5         207      985158
         248      110056           3         176      985191
         249      110056           0         140      985230
         250      110056           0         108      985262
         251      110056           0          89      985281
         252      110056           0          73      985297
         253      110056           0          63      985307
         254      110056           0          54      985316
         255      110056           0          46      985324
         256      110056           0          36      985334
         257      110056           0          31      985339
         258      110056           0          27      985343
         259      110056           0          23      985347
         260      110056           0          20      985350
         261      110056           0          16      985354
         262      110056           0          13      985357
         263      110056           0          10      985360
         264      110056           0           8      985362
         265      110056           0           5      985365
         266      110056           0           3      985367
         267      110056           0           1      985369
         268      110056           0           0      985370
           1     1095425           1           0           0
           2     1095425           1           0           0
           3     1095425           1           0           0
           4     1095425           1           0           0
           5     1095425           1           0           0
           6     1095425           1           0           0
           7     1095425           1           0           0
           8     1095425           1           0           0
           9     1095425           0           1           0
          10     1095425           0           1           0
          11     1095425           0           1           0
          12     1095425           0           1           0
          13     1095425           0           1           0
          14     1095425           0           1           0
          15     1095425           0           1           0
          16     1095425           0           1           0
          17     1095425           0           1           0
          18     1095424           1           1           0
          19     1095424           1           1           0
          20     1095422           3           1           0
          21     1095422           3           1           0
          22     1095421           4           1           0
          23     1095420           5           1           0
          24     1095420           5           1           0
          25     1095420           5           1           0
          26     1095420           4           1           1
          27     1095420           3           2           1
          28     1095418           4           3           1
          29     1095418           4           3           1
          30     1095417           4           4           1
          31     1095416           5           4           1
          32     1095416           4           5           1
          33     1095416           4           5           1
          34     1095416           4           5           1
          35     1095414           4           7           1
          36     1095412           6           7           1
          37     1095411           7           7           1
          38     1095410           6           9           1
          39     1095406          10           9           1
          40     1095400          16           9           1
          41     1095399          17           9           1
          42     1095398          16          11           1
          43     1095394          19          11           2
          44     1095394          17          13           2
          45     1095391          20          12           3
          46     1095386          21          15           4
          47     1095380          21          21           4
          48     1095375          24          22           5
          49     1095369          29          22           6
          50     1095365          32          23           6
          51     1095361          33          26           6
          52     1095350          42          28           6
          53     1095343          45          31           7
          54     1095333          53          32           8
          55     1095322          57          38           9
          56     1095315          56          46           9
          57     1095292          75          49          10
          58     1095282          79          55          10
          59     1095261          95          60          10
          60     1095246          98          71          11
          61     1095228         111          74          13
          62     1095210         116          86          14
          63     1095178         141          91          16
          64     1095151         147         110          18
          65     1095114         174         114          24
          66     1095083         189         127          27
          67     1095041         216         141          28
          68     1095006         232         157          31
          69     1094952         267         175          32
          70     1094903         296         195          32
          71     1094842         326         219          39
          72     1094777         360         247          42
          73     1094700         397         281          48
          74     1094612         452         307          55
          75     1094513         513         341          59
          76     1094399         576         387          64
          77     1094260         663         431          72
          78     1094118         754         475          79
          79     1093948         861         530          87
          80     1093766         976         586          98
          81     1093572        1085         660         109
          82     1093343        1222         740         121
          83     1093121        1328         835         142
          84     1092850        1484         936         156
          85     1092565        1624        1066         171
          86     1092233        1794        1207         192
          87     1091878        1980        1362         206
          88     1091427        2240        1532         227
          89     1090930        2515        1718         263
          90     1090403        2829        1898         296
          91     1089812        3167        2117         330
          92     1089166        3548        2351         361
          93     1088455        3945        2628         398
          94     1087604        4441        2936         445
          95     1086716        4934        3276         500
          96     1085670        5495        3712         549
          97     1084510        6150        4153         613
          98     1083238        6863        4631         694
          99     1081802        7702        5152         770
         100     1080233        8586        5745         862
         101     1078424        9623        6400         979
         102     1076480       10697        7153        1096
         103     1074299       11913        7979        1235
         104     1071856       13241        8935        1394
         105     1069192       14686        9976        1572
         106     1066133       16382       11151        1760
         107     1062689       18334       12431        1972
         108     1059004       20296       13941        2185
         109     1054915       22546       15504        2461
         110     1050446       24938       17310        2732
         111     1045485       27609       19308        3024
         112     1040024       30483       21557        3362
         113     1033796       33845       24024        3761
         114     1027152       37240       26785        4249
         115     1019844       41047       29778        4757
         116     1011873       45130       33098        5325
         117     1003198       49548       36700        5980
         118      993538       54480       40770        6638
         119      983011       59737       45276        7402
         120      971922       65011       50242        8251
         121      959698       70784       55698        9246
         122      946731       76727       61630       10338
         123      932662       83234       67946       11584
         124      917582       89909       75023       12912
         125      901786       96450       82787       14403
         126      885170      103163       90975       16118
         127      867556      109993       99874       18003
         128      849121      116644      109575       20086
         129      829759      123437      119887       22343
         130      810216      129342      130999       24869
         131      790077      135009      142608       27732
         132      769639      140126      154646       31015
         133      748875      144737      167308       34506
         134      727644      148688      180642       38452
         135      706956      151593      194183       42694
         136      686470      152988      208467       47501
         137      665904      154086      222807       52629
         138      646053      153937      236908       58528
         139      626433      153401      250652       64940
         140      607771      151509      264289       71857
         141      589749      148490      277622       79565
         142      572353      145077      290158       87838
         143      555682      141034      301598       97112
         144      539811      136294      312214      107107
         145      524678      131391      321425      117932
         146      510231      126156      329449      129590
         147      496697      120328      336097      142304
         148      483239      115429      341000      155758
         149      470518      110530      344066      170312
         150      458518      105438      345672      185798
         151      446915      100632      345938      201941
         152      435872       96273      344188      219093
         153      425288       92094      341020      237024
         154      415239       88227      336078      255882
         155      405380       84468      330240      275338
         156      396169       80581      323271      295405
         157      387065       77541      315122      315698
         158      378325       74342      306488      336271
         159      369916       71444      296959      357107
         160      361751       68765      286904      378006
         161      353873       66305      276606      398642
         162      346341       63914      265773      419398
         163      339012       61697      255325      439392
         164      331984       59588      244718      459136
         165      325338       57337      234387      478364
         166      318810       55345      224620      496651
         167      312719       53125      215085      514497
         168      306617       51203      206087      531519
         169      300786       49337      197460      547843
         170      295175       47481      189499      563271
         171      289886       45614      181956      577970
         172      284832       43884      174744      591966
         173      279901       42162      167886      605477
         174      275364       40472      161009      618581
         175      271013       38628      154790      630995
         176      266933       36745      148941      642807
         177      263078       34901      143394      654053
         178      259417       33153      137955      664901
         179      255909       31402      133027      675088
         180      252593       29780      127861      685192
         181      249466       28170      123077      694713
         182      246418       26692      118525      703791
         183      243578       25388      113714      712746
         184      240833       24171      109134      721288
         185      238083       23212      104561      729570
         186      235279       22432      100076      737639
         187      232562       21639       95900      745325
         188      229780       21290       91622      752734
         189      226994       20970       87524      759938
         190      224122       20897       83716      766691
         191      221121       21054       79880      773371
         192      217997       21491       76256      779682
         193      214806       21907       72941      785772
         194      211507       22411       69792      791716
         195      208198       22978       66805      797445
         196      204688       23697       64195      802846
         197      201131       24381       61855      808059
         198      197493       25138       59780      813015
         199      193846       25653       58111      817816
         200      190021       26332       56850      822223
         201      186041       27118       55799      826468
         202      182037       27855       55141      830393
         203      177995       28420       54862      834149
         204      173830       29104       54776      837716
         205      169793       29485       54998      841150
         206      165839       29826       55376      844385
         207      161940       29961       56034      847491
         208      158146       29900       56978      850402
         209      154383       29683       58111      853249
         210      150686       29296       59472      855972
         211      147080       28883       60703      858760
         212      143594       28250       62055      861527
         213      140240       27571       63312      864303
         214      137046       26916       64408      867056
         215      134094       25917       65553      869862
         216      131362       24881       66362      872821
         217      128761       23781       66993      875891
         218      126332       22521       67507      879066
         219      124174       21124       67843      882285
         220      122144       19731       68014      885537
         221      120343       18339       67754      888990
         222      118829       16730       67311      892556
         223      117508       15179       66596      896143
         224      116275       13790       65636      899725
         225      115238       12287       64359      903542
         226      114408       10808       62878      907332
         227      113669        9471       60971      911315
         228      113045        8176       58851      915354
         229      112533        7047       56318      919528
         230      112087        6062       53685      923592
         231      111726        5142       50948      927610
         232      111426        4337       48163      931500
         233      111192        3660       45201      935373
         234      110986        3052       42236      939152
         235      110809        2505       39228      942884
         236      110673        2119       36067      946567
         237      110572        1721       33015      950118
         238      110480        1422       30012      953512
         239      110407        1167       27070      956782
         240      110343         954       24246      959883
         241      110300         790       21652      962684
         242      110254         650       19111      965411
         243      110222         530       16761      967913
         244      110188         431       14649      970158
         245      110160         366       12600      972300
         246      110139         303       10803      974181
         247      110121         253        9166      975886
         248      110108         212        7867      977239
         249      110099         181        6599      978547
         250      110087         153        5564      979622
         251      110078         126        4637      980585
         252      110074          99        3889      981364
         253      110067          85        3208      982066
         254      110061          66        2658      982641
         255      110059          54        2205      983108
         256      110054          52        1793      983527
         257      110053          41        1480      983852
         258      110051          33        1229      984113
         259      110050          25        1010      984341
         260      110050          20         828      984528
         261      110050          12         679      984685
         262      110049          10         564      984803
         263      110049           8         460      984909
         264      110048           6         382      984990
         265      110047           5         320      985054
         266      110045           6         265      985110
         267      110044           6         231      985145
         268      110043           7         189      985187
         269      110043           6         154      985223
         270      110043           6         123      985254
         271      110043           5         100      985278
         272      110043           4          80      985299
         273      110042           4          66      985314
         274      110042           3          60      985321
         275      110042           1          47      985336
         276      110042           1          39      985344
         277      110042           1          33      985350
         278      110042           1          26      985357
         279      110042           1          20      985363
         280      110042           1          17      985366
         281      110042           1          14      985369
         282      110042           1          11      985372
         283      110042           0          10      985374
         284      110042           0          10      985374
         285      110042           0           8      985376
         286      110042           0           8      985376
         287      110042           0           8      985376
         288      110042           0           7      985377
         289      110042           0           7      985377
         290      110042           0           6      985378
         291      110042           0           4      985380
         292      110042           0           2      985382
         293      110042           0           2      985382
         294      110042           0           1      985383
         295      110042           0           1      985383
         296      110042           0           1      985383
         297      110042           0           1      985383
         298      110042           0           0      985384
