 #time average_recover sd_R average_infected sd_I
          25  0.90000000000000002       0.29999999999999993        91.400000000000006        38.468688566157262     
          26   1.0000000000000000        0.0000000000000000        108.59999999999999        45.917752558242661     
          27   1.0000000000000000        0.0000000000000000        132.80000000000001        54.537693387234455     
          28   1.0000000000000000        0.0000000000000000        164.59999999999999        66.900224214870903     
          29   1.0000000000000000        0.0000000000000000        205.80000000000001        83.324426190643479     
          30   1.0000000000000000        0.0000000000000000        257.69999999999999        107.95188743139232     
          31   1.0000000000000000        0.0000000000000000        326.50000000000000        135.91780604468272     
          32   1.6000000000000001       0.66332495807107961        407.69999999999999        171.28692302683243     
          33   2.8999999999999999        1.5132745950421553        498.19999999999999        209.52746836632187     
          34   3.3999999999999999        1.6852299546352723        611.39999999999998        252.76439622700033     
          35   4.2000000000000002        1.8867962264113205        750.70000000000005        307.04919801230528     
          36   4.9000000000000004        2.2999999999999989        929.79999999999995        376.95856536229564     
          37   5.5000000000000000        2.2022715545545242        1158.3000000000000        467.00771942228130     
          38   7.0000000000000000        2.5298221281347031        1442.4000000000001        580.65948713510227     
          39   8.8000000000000007        4.0199502484483540        1808.2000000000000        735.15560257676043     
          40   11.000000000000000        4.2426406871192848        2249.0999999999999        927.90403059799269     
          41   14.000000000000000        4.8785243670601881        2768.1999999999998        1137.0662953407777     
          42   18.600000000000001        7.5789181285985627        3415.5999999999999        1401.7295887581170     
          43   23.000000000000000        8.6139421869432145        4220.6999999999998        1726.6169841629617     
          44   28.000000000000000        10.516653460107927        5236.8000000000002        2128.8731197513857     
          45   35.000000000000000        14.601369798755185        6484.8999999999996        2630.9089474932425     
          46   41.000000000000000        16.905620367203326        8034.8999999999996        3233.5840316899162     
          47   52.500000000000000        21.800229356591640        9922.2999999999993        3945.5906794800703     
          48   64.799999999999997        25.214281667340838        12250.799999999999        4877.4505594623924     
          49   83.700000000000003        34.493622598967470        15104.900000000000        6002.4085740642477     
          50   100.00000000000000        42.445258863623394        18611.700000000001        7366.3792605322706     
          51   122.20000000000000        49.688630490284183        22897.400000000001        8971.9146250953545     
          52   149.80000000000001        61.737832809388394        28144.299999999999        10948.809835319998     
          53   186.69999999999999        76.820635248610188        34565.199999999997        13238.832613187626     
          54   233.30000000000001        97.707778605390416        42381.800000000003        15997.477943725995     
          55   292.50000000000000        120.64762741140004        51732.199999999997        19240.994874486096     
          56   368.10000000000002        151.06518460585144        62909.800000000003        22976.631462422840     
          57   454.89999999999998        189.56289193826947        76288.899999999994        27292.903566495104     
          58   560.39999999999998        231.85046905279276        92006.800000000003        32204.773782158441     
          59   680.60000000000002        279.08070517325268        110409.39999999999        37532.711573239692     
          60   848.20000000000005        343.72919573408353        131734.70000000001        43176.739564376512     
          61   1048.7000000000000        425.20208136837692        156011.20000000001        49004.814916087576     
          62   1306.8000000000000        524.72026833351890        183034.10000000001        54816.687144427124     
          63   1634.0999999999999        662.19807459702008        212721.10000000001        60127.029672934957     
          64   2042.2000000000000        840.76034635322776        244517.10000000001        64362.008460659432     
          65   2526.4000000000001        1038.8936615457808        277844.20000000001        67337.913828392353     
          66   3109.3000000000002        1267.7518724103707        313361.70000000001        69278.548713219890     
          67   3831.0999999999999        1557.3866218765338        348830.90000000002        69225.707053738210     
          68   4746.3000000000002        1928.8185010518741        383280.90000000002        67395.779315102220     
          69   5884.3000000000002        2385.3130213873401        415773.09999999998        63862.202649846084     
          70   7280.3000000000002        2934.7574022395784        445653.50000000000        59227.696717414328     
          71   9016.1000000000004        3602.1721904983933        472676.20000000001        54041.151304908235     
          72   11127.000000000000        4430.2820903414276        496727.00000000000        48861.466367680841     
          73   13732.700000000001        5464.6405380409042        518556.09999999998        44210.543349862135     
          74   16918.099999999999        6714.6121920778151        538262.00000000000        40181.356472871841     
          75   20807.000000000000        8201.0960486998301        555988.30000000005        36738.130363559932     
          76   25602.299999999999        10017.650673186803        571782.90000000002        33636.468282059432     
          77   31473.200000000001        12138.860002487882        585649.00000000000        30772.661665835796     
          78   38622.800000000003        14697.557686908387        597451.40000000002        27706.654883618950     
          79   47243.000000000000        17675.569359995163        607178.50000000000        24429.532366585005     
          80   57564.800000000003        21184.521244531341        614619.59999999998        20751.613369567254     
          81   69890.899999999994        25263.511483758561        619615.09999999998        16877.183529548871     
          82   84543.800000000003        29892.661647300658        621716.09999999998        13527.160060043610     
          83   101674.39999999999        35078.980840953773        620821.40000000002        12612.227846022693     
          84   121704.80000000000        40606.324945259446        616427.80000000005        15188.907411658165     
          85   144658.10000000001        46472.522476082580        608425.00000000000        20595.932996589399     
          86   170510.39999999999        52343.634557030899        596791.19999999995        27218.034634411913     
          87   199157.89999999999        58007.147394868567        581663.09999999998        34107.776363902558     
          88   230211.79999999999        62941.911700869125        563314.59999999998        40435.930666178894     
          89   263250.70000000001        66705.512995628742        542159.19999999995        45740.670707370162     
          90   298275.90000000002        69430.343155496405        518309.20000000001        50085.447660572878     
          91   334313.29999999999        70580.218771338463        492568.20000000001        52772.705683525201     
          92   370013.09999999998        69983.725185860283        466405.50000000000        53709.560441787326     
          93   404528.29999999999        67676.604153946944        440679.90000000002        52818.823906728408     
          94   436898.29999999999        64130.527033621169        416487.09999999998        50554.433325772872     
          95   466943.29999999999        59779.196097053777        394126.90000000002        47312.656785367661     
          96   494414.29999999999        55377.739343620713        373922.29999999999        43831.968541351438     
          97   519880.40000000002        51373.847413250820        355513.90000000002        40583.676638397053     
          98   543655.19999999995        48124.396386448294        338679.29999999999        37953.574985895684     
          99   566053.19999999995        45688.874115697829        323116.50000000000        36022.004042668144     
         100   587255.59999999998        43917.891709871394        308742.00000000000        34671.006328054616     
         101   607442.80000000005        42709.578304637485        295467.09999999998        33813.609752435565     
         102   626853.59999999998        41782.003389498343        282994.70000000001        33168.155209628327     
         103   645575.09999999998        41011.757073917710        271228.79999999999        32571.997497236898     
         104   663647.90000000002        40199.333913511124        260171.29999999999        31921.197863018897     
         105   681197.50000000000        39171.652705113484        249639.50000000000        31095.601606175751     
         106   698187.30000000005        37926.093408232293        239600.50000000000        30044.877491013289     
         107   714641.69999999995        36480.604282413668        230024.60000000001        28902.534135262169     
         108   730552.40000000002        34832.733063025858        220859.29999999999        27622.656454620737     
         109   745790.40000000002        33012.944246764266        212002.29999999999        26279.705215432055     
         110   760323.90000000002        31002.075986776566        203466.79999999999        24901.367146403871     
         111   774198.19999999995        28904.693382912414        195052.79999999999        23431.494991997526     
         112   787279.90000000002        26828.648916595510        186734.29999999999        22054.395471424752     
         113   799555.00000000000        24648.597854643805        178469.39999999999        20581.007668236343     
         114   811068.00000000000        22407.696342998413        170227.50000000000        18976.189234142836     
         115   821811.00000000000        20181.848493137975        162083.50000000000        17369.095032557107     
         116   831696.90000000002        18151.241794711001        154157.50000000000        15905.612488992731     
         117   840830.80000000005        16262.711654575423        146439.79999999999        14535.690040724001     
         118   849323.69999999995        14741.925756494969        138916.79999999999        13451.457228122215     
         119   857228.40000000002        13546.353916827265        131647.10000000001        12627.767019152649     
         120   864695.40000000002        12788.143823086344        124609.30000000000        12176.021887710220     
         121   871855.69999999995        12403.018318544735        117715.70000000000        12021.523489558227     
         122   878882.59999999998        12318.279451287613        110845.80000000000        12094.368117433747     
         123   885774.09999999998        12479.106245643696        104047.39999999999        12349.930479156636     
         124   892613.50000000000        12705.941139876259        97260.300000000003        12638.164701015738     
         125   899475.80000000005        12977.104768010164        90423.800000000003        12940.101852767584     
         126   906396.59999999998        13185.423164996982        83519.600000000006        13169.124505448295     
         127   913357.30000000005        13352.560698606127        76566.500000000000        13346.171310529458     
         128   920355.09999999998        13467.524051954235        69571.100000000006        13463.986612069948     
         129   927371.50000000000        13474.999564007414        62556.300000000003        13473.096971743329     
         130   934336.19999999995        13363.578755708899        55592.699999999997        13362.965524538355     
         131   941265.19999999995        13147.711708127546        48664.199999999997        13147.178015072293     
         132   948102.09999999998        12852.118739339747        41827.400000000001        12851.763577034855     
         133   954644.80000000005        12278.300222750107        35284.900000000001        12278.328904618904     
         134   960836.00000000000        11553.626132087225        29093.700000000001        11553.640102149620     
         135   966579.69999999995        10612.889880234570        23350.000000000000        10612.884838723165     
         136   971683.90000000002        9480.9514970764922        18245.799999999999        9480.9252480968335     
         137   976048.50000000000        8246.0820545274710        13881.200000000001        8246.0330317068201     
         138   979694.40000000002        6944.2618067033636        10235.299999999999        6944.1893270561113     
         139   982630.90000000002        5606.4533432434646        7298.8000000000002        5606.3597958033333     
         140   984890.19999999995        4375.0476523214020        5039.5000000000000        4374.9332166331405     
         141   986558.80000000005        3307.5764480901930        3370.9000000000001        3307.4423789387470     
         142   987747.59999999998        2402.1596200015147        2182.0999999999999        2402.0093026464324     
         143   988555.40000000002        1673.6415506066382        1374.3000000000000        1673.4785956205114     
         144   989085.59999999998        1131.3196011910438        844.10000000000002        1131.1442392551005     
         145   989435.50000000000        719.54892121690659        494.19999999999999        719.36566501328093     
         146   989645.80000000005        437.26669197654348        283.89999999999998        437.07629768725741     
         147   989771.19999999995        259.94837955674910        158.50000000000000        259.74882097903736     
         148   989846.09999999998        140.10314063092389        83.599999999999994        139.90439592807655     
         149   989884.80000000005        78.672485567392386        44.899999999999999        78.467126874889459     
         150   989907.50000000000        39.940580867083042        22.199999999999999        39.736129655516280     
         151   989920.09999999998        15.597757501080084        9.5999999999999996        15.389606882568508     
         152   989924.59999999998        7.3647886802465354        5.0999999999999996        7.1756532803640951     
         153   989927.00000000000        4.0987862628008553        2.7000000000000002        3.8742741255621032     
         154   989928.40000000002        2.6153328316511648        1.3000000000000000        2.3259406699226011     
         155   989929.19999999995        1.1662364348085683       0.50000000000000000       0.92195444572928875     
         156   989929.50000000000       0.92194120524982504       0.20000000000000001       0.59999999999999998     
         157   989929.50000000000       0.92194120524982504       0.20000000000000001       0.59999999999999998     
         158   989929.69999999995       0.45834812949601966        0.0000000000000000        0.0000000000000000     
         159   989929.69999999995       0.45834812949601966        0.0000000000000000        0.0000000000000000     
         160   989929.69999999995       0.45834812949601966        0.0000000000000000        0.0000000000000000     
         161   989929.69999999995       0.45834812949601966        0.0000000000000000        0.0000000000000000     
         162   989929.69999999995       0.45834812949601966        0.0000000000000000        0.0000000000000000     
         163   989929.69999999995       0.45834812949601966        0.0000000000000000        0.0000000000000000     
         164   989929.69999999995       0.45834812949601966        0.0000000000000000        0.0000000000000000     
         165   989929.69999999995       0.45834812949601966        0.0000000000000000        0.0000000000000000     
         166   989929.69999999995       0.45834812949601966        0.0000000000000000        0.0000000000000000     
         167   989929.69999999995       0.45834812949601966        0.0000000000000000        0.0000000000000000     
         168   989929.69999999995       0.45834812949601966        0.0000000000000000        0.0000000000000000     
         169   989929.69999999995       0.45834812949601966        0.0000000000000000        0.0000000000000000     
         170   989929.69999999995       0.45834812949601966        0.0000000000000000        0.0000000000000000     
         171   989929.69999999995       0.45834812949601966        0.0000000000000000        0.0000000000000000     
         172   989929.69999999995       0.45834812949601966        0.0000000000000000        0.0000000000000000     
         173   989929.69999999995       0.45834812949601966        0.0000000000000000        0.0000000000000000     
         174   989929.69999999995       0.45834812949601966        0.0000000000000000        0.0000000000000000     
         175   989929.69999999995       0.45834812949601966        0.0000000000000000        0.0000000000000000     
         176   989929.69999999995       0.45834812949601966        0.0000000000000000        0.0000000000000000     
         177   989929.69999999995       0.45834812949601966        0.0000000000000000        0.0000000000000000     
         178   989929.69999999995       0.45834812949601966        0.0000000000000000        0.0000000000000000     
         179   989929.69999999995       0.45834812949601966        0.0000000000000000        0.0000000000000000     
         180   989929.69999999995       0.45834812949601966        0.0000000000000000        0.0000000000000000     
         181   989929.69999999995       0.45834812949601966        0.0000000000000000        0.0000000000000000     
         182   989929.69999999995       0.45834812949601966        0.0000000000000000        0.0000000000000000     
         183   989929.69999999995       0.45834812949601966        0.0000000000000000        0.0000000000000000     
         184   989929.69999999995       0.45834812949601966        0.0000000000000000        0.0000000000000000     
         185   989929.69999999995       0.45834812949601966        0.0000000000000000        0.0000000000000000     
         186   989929.69999999995       0.45834812949601966        0.0000000000000000        0.0000000000000000     
         187   989929.69999999995       0.45834812949601966        0.0000000000000000        0.0000000000000000     
         188   989929.69999999995       0.45834812949601966        0.0000000000000000        0.0000000000000000     
         189   989929.69999999995       0.45834812949601966        0.0000000000000000        0.0000000000000000     
         190   989929.69999999995       0.45834812949601966        0.0000000000000000        0.0000000000000000     
         191   989929.69999999995       0.45834812949601966        0.0000000000000000        0.0000000000000000     
         192   989929.69999999995       0.45834812949601966        0.0000000000000000        0.0000000000000000     
         193   989929.69999999995       0.45834812949601966        0.0000000000000000        0.0000000000000000     
         194   989929.69999999995       0.45834812949601966        0.0000000000000000        0.0000000000000000     
         195   989929.69999999995       0.45834812949601966        0.0000000000000000        0.0000000000000000     
         196   989929.69999999995       0.45834812949601966        0.0000000000000000        0.0000000000000000     
         197   989929.69999999995       0.45834812949601966        0.0000000000000000        0.0000000000000000     
         198   989929.69999999995       0.45834812949601966        0.0000000000000000        0.0000000000000000     
         199   989929.69999999995       0.45834812949601966        0.0000000000000000        0.0000000000000000     
         200   989929.69999999995       0.45834812949601966        0.0000000000000000        0.0000000000000000     
         201   989929.69999999995       0.45834812949601966        0.0000000000000000        0.0000000000000000     
         202   989929.69999999995       0.45834812949601966        0.0000000000000000        0.0000000000000000     
         203   989929.69999999995       0.45834812949601966        0.0000000000000000        0.0000000000000000     
         204   989929.69999999995       0.45834812949601966        0.0000000000000000        0.0000000000000000     
         205   989929.69999999995       0.45834812949601966        0.0000000000000000        0.0000000000000000     
         206   989929.69999999995       0.45834812949601966        0.0000000000000000        0.0000000000000000     
         207   989929.69999999995       0.45834812949601966        0.0000000000000000        0.0000000000000000     
         208   989929.69999999995       0.45834812949601966        0.0000000000000000        0.0000000000000000     
         209   989929.69999999995       0.45834812949601966        0.0000000000000000        0.0000000000000000     
         210   989929.69999999995       0.45834812949601966        0.0000000000000000        0.0000000000000000     
         211   989929.69999999995       0.45834812949601966        0.0000000000000000        0.0000000000000000     
         212   989929.69999999995       0.45834812949601966        0.0000000000000000        0.0000000000000000     
         213   989929.69999999995       0.45834812949601966        0.0000000000000000        0.0000000000000000     
         214   989929.69999999995       0.45834812949601966        0.0000000000000000        0.0000000000000000     
         215   989929.69999999995       0.45834812949601966        0.0000000000000000        0.0000000000000000     
         216   989929.69999999995       0.45834812949601966        0.0000000000000000        0.0000000000000000     
         217   989929.69999999995       0.45834812949601966        0.0000000000000000        0.0000000000000000     
         218   989929.69999999995       0.45834812949601966        0.0000000000000000        0.0000000000000000     
         219   989929.69999999995       0.45834812949601966        0.0000000000000000        0.0000000000000000     
         220   989929.69999999995       0.45834812949601966        0.0000000000000000        0.0000000000000000     
         221   989929.69999999995       0.45834812949601966        0.0000000000000000        0.0000000000000000     
         222   989929.69999999995       0.45834812949601966        0.0000000000000000        0.0000000000000000     
         223   989929.69999999995       0.45834812949601966        0.0000000000000000        0.0000000000000000     
         224   989929.69999999995       0.45834812949601966        0.0000000000000000        0.0000000000000000     
         225   989929.69999999995       0.45834812949601966        0.0000000000000000        0.0000000000000000     
         226   989929.69999999995       0.45834812949601966        0.0000000000000000        0.0000000000000000     
         227   989929.69999999995       0.45834812949601966        0.0000000000000000        0.0000000000000000     
         228   989929.69999999995       0.45834812949601966        0.0000000000000000        0.0000000000000000     
         229   989929.69999999995       0.45834812949601966        0.0000000000000000        0.0000000000000000     
         230   989929.69999999995       0.45834812949601966        0.0000000000000000        0.0000000000000000     
         231   989929.69999999995       0.45834812949601966        0.0000000000000000        0.0000000000000000     
         232   989929.69999999995       0.45834812949601966        0.0000000000000000        0.0000000000000000     
         233   989929.69999999995       0.45834812949601966        0.0000000000000000        0.0000000000000000     
         234   989929.69999999995       0.45834812949601966        0.0000000000000000        0.0000000000000000     
         235   989929.69999999995       0.45834812949601966        0.0000000000000000        0.0000000000000000     
         236   989929.69999999995       0.45834812949601966        0.0000000000000000        0.0000000000000000     
         237   989929.69999999995       0.45834812949601966        0.0000000000000000        0.0000000000000000     
         238   989929.69999999995       0.45834812949601966        0.0000000000000000        0.0000000000000000     
         239   989929.69999999995       0.45834812949601966        0.0000000000000000        0.0000000000000000     
         240   989929.69999999995       0.45834812949601966        0.0000000000000000        0.0000000000000000     
         241   989929.69999999995       0.45834812949601966        0.0000000000000000        0.0000000000000000     
         242   989929.69999999995       0.45834812949601966        0.0000000000000000        0.0000000000000000     
         243   989929.69999999995       0.45834812949601966        0.0000000000000000        0.0000000000000000     
         244   989929.69999999995       0.45834812949601966        0.0000000000000000        0.0000000000000000     
         245   989929.69999999995       0.45834812949601966        0.0000000000000000        0.0000000000000000     
         246   989929.69999999995       0.45834812949601966        0.0000000000000000        0.0000000000000000     
         247   989929.69999999995       0.45834812949601966        0.0000000000000000        0.0000000000000000     
         248   989929.69999999995       0.45834812949601966        0.0000000000000000        0.0000000000000000     
         249   989929.69999999995       0.45834812949601966        0.0000000000000000        0.0000000000000000     
         250   989929.69999999995       0.45834812949601966        0.0000000000000000        0.0000000000000000     
         251   989929.69999999995       0.45834812949601966        0.0000000000000000        0.0000000000000000     
         252   989929.69999999995       0.45834812949601966        0.0000000000000000        0.0000000000000000     
         253   989929.69999999995       0.45834812949601966        0.0000000000000000        0.0000000000000000     
         254   989929.69999999995       0.45834812949601966        0.0000000000000000        0.0000000000000000     
         255   989929.69999999995       0.45834812949601966        0.0000000000000000        0.0000000000000000     
         256   989929.69999999995       0.45834812949601966        0.0000000000000000        0.0000000000000000     
         257   989929.69999999995       0.45834812949601966        0.0000000000000000        0.0000000000000000     
         258   989929.69999999995       0.45834812949601966        0.0000000000000000        0.0000000000000000     
         259   989929.69999999995       0.45834812949601966        0.0000000000000000        0.0000000000000000     
         260   989929.69999999995       0.45834812949601966        0.0000000000000000        0.0000000000000000     
         261   989929.69999999995       0.45834812949601966        0.0000000000000000        0.0000000000000000     
         262   989929.69999999995       0.45834812949601966        0.0000000000000000        0.0000000000000000     
         263   989929.69999999995       0.45834812949601966        0.0000000000000000        0.0000000000000000     
         264   989929.69999999995       0.45834812949601966        0.0000000000000000        0.0000000000000000     
         265   989929.69999999995       0.45834812949601966        0.0000000000000000        0.0000000000000000     
         266   989929.69999999995       0.45834812949601966        0.0000000000000000        0.0000000000000000     
         267   989929.69999999995       0.45834812949601966        0.0000000000000000        0.0000000000000000     
         268   989929.69999999995       0.45834812949601966        0.0000000000000000        0.0000000000000000     
         269   989929.69999999995       0.45834812949601966        0.0000000000000000        0.0000000000000000     
         270   989929.69999999995       0.45834812949601966        0.0000000000000000        0.0000000000000000     
         271   989929.69999999995       0.45834812949601966        0.0000000000000000        0.0000000000000000     
         272   989929.69999999995       0.45834812949601966        0.0000000000000000        0.0000000000000000     
         273   989929.69999999995       0.45834812949601966        0.0000000000000000        0.0000000000000000     
         274   989929.69999999995       0.45834812949601966        0.0000000000000000        0.0000000000000000     
         275   989929.69999999995       0.45834812949601966        0.0000000000000000        0.0000000000000000     
         276   989929.69999999995       0.45834812949601966        0.0000000000000000        0.0000000000000000     
         277   989929.69999999995       0.45834812949601966        0.0000000000000000        0.0000000000000000     
         278   989929.69999999995       0.45834812949601966        0.0000000000000000        0.0000000000000000     
         279   989929.69999999995       0.45834812949601966        0.0000000000000000        0.0000000000000000     
         280   989929.69999999995       0.45834812949601966        0.0000000000000000        0.0000000000000000     
         281   989929.69999999995       0.45834812949601966        0.0000000000000000        0.0000000000000000     
         282   989929.69999999995       0.45834812949601966        0.0000000000000000        0.0000000000000000     
         283   989929.69999999995       0.45834812949601966        0.0000000000000000        0.0000000000000000     
         284   989929.69999999995       0.45834812949601966        0.0000000000000000        0.0000000000000000     
         285   989929.69999999995       0.45834812949601966        0.0000000000000000        0.0000000000000000     
         286   989929.69999999995       0.45834812949601966        0.0000000000000000        0.0000000000000000     
         287   989929.69999999995       0.45834812949601966        0.0000000000000000        0.0000000000000000     
         288   989929.69999999995       0.45834812949601966        0.0000000000000000        0.0000000000000000     
         289   989929.69999999995       0.45834812949601966        0.0000000000000000        0.0000000000000000     
         290   989929.69999999995       0.45834812949601966        0.0000000000000000        0.0000000000000000     
         291   989929.69999999995       0.45834812949601966        0.0000000000000000        0.0000000000000000     
         292   989929.69999999995       0.45834812949601966        0.0000000000000000        0.0000000000000000     
         293   989929.69999999995       0.45834812949601966        0.0000000000000000        0.0000000000000000     
         294   989929.69999999995       0.45834812949601966        0.0000000000000000        0.0000000000000000     
         295   989929.69999999995       0.45834812949601966        0.0000000000000000        0.0000000000000000     
         296   989929.69999999995       0.45834812949601966        0.0000000000000000        0.0000000000000000     
         297   989929.69999999995       0.45834812949601966        0.0000000000000000        0.0000000000000000     
         298   989929.69999999995       0.45834812949601966        0.0000000000000000        0.0000000000000000     
         299   989929.69999999995       0.45834812949601966        0.0000000000000000        0.0000000000000000     
         300   989929.69999999995       0.45834812949601966        0.0000000000000000        0.0000000000000000     
