 #time average_recover sd_R average_infected sd_I
          24  0.80000000000000004       0.39999999999999991        26.899999999999999        14.815194902531662     
          25  0.90000000000000002       0.29999999999999993        31.100000000000001        17.340415219942113     
          26   1.0000000000000000        0.0000000000000000        37.100000000000001        19.952192861938759     
          27   1.0000000000000000        0.0000000000000000        43.700000000000003        23.920911353876129     
          28   1.0000000000000000        0.0000000000000000        51.600000000000001        28.100533802758978     
          29   1.3000000000000000       0.45825756949558372        61.200000000000003        33.044818050641453     
          30   1.5000000000000000       0.67082039324993703        69.599999999999994        40.259657226558708     
          31   1.6000000000000001       0.79999999999999982        83.700000000000003        47.550078864287912     
          32   2.0000000000000000        1.1832159566199234        97.500000000000000        53.833539731286471     
          33   2.0000000000000000        1.1832159566199234        114.50000000000000        61.473978234696993     
          34   2.3999999999999999        1.2806248474865700        137.30000000000001        77.377063785077780     
          35   2.8999999999999999        1.9209372712298545        164.40000000000001        94.528514216610844     
          36   3.7000000000000002        2.1931712199461306        192.80000000000001        110.91510266866274     
          37   4.7000000000000002        2.5317977802344318        225.50000000000000        128.07985790123286     
          38   5.2000000000000002        2.4819347291981715        265.30000000000001        148.38399509381051     
          39   6.4000000000000004        3.2924155266308639        311.60000000000002        175.68790510447778     
          40   7.9000000000000004        3.9610604640676708        371.50000000000000        207.59202778526927     
          41   9.1999999999999993        4.4452221541785759        438.30000000000001        241.04731900604079     
          42   11.400000000000000        5.4990908339470064        518.39999999999998        286.41794636509769     
          43   12.900000000000000        6.5795136598383923        608.20000000000005        341.10197888608025     
          44   15.199999999999999        7.8841613377708093        720.70000000000005        401.23759793917611     
          45   17.899999999999999        9.8432718137822466        846.60000000000002        470.29739527239559     
          46   21.100000000000001        11.536463929644990        1001.9000000000000        557.17420076669021     
          47   26.199999999999999        13.977124167724918        1170.8000000000000        637.59560851687183     
          48   30.300000000000001        16.589454481688055        1389.4000000000001        759.95726195622319     
          49   34.500000000000000        18.183783984638623        1635.5999999999999        901.13907916591882     
          50   42.100000000000001        22.984560034945194        1925.0000000000000        1059.0909309403039     
          51   49.500000000000000        26.673020076474277        2277.0000000000000        1252.2114038771570     
          52   58.100000000000001        31.832216385291169        2690.4000000000001        1478.4654341579985     
          53   66.700000000000003        36.717979247229827        3177.5000000000000        1739.0210033234218     
          54   78.299999999999997        43.724249564743822        3745.0999999999999        2047.4784223527238     
          55   92.000000000000000        52.121013036970034        4408.1000000000004        2403.4769168852017     
          56   108.80000000000000        58.829924358271967        5187.0000000000000        2838.1509121257104     
          57   129.50000000000000        71.731792114793848        6122.1999999999998        3333.6697736878505     
          58   152.50000000000000        85.560797097736312        7206.5000000000000        3919.4365985432141     
          59   181.19999999999999        101.79960707193325        8477.7000000000007        4602.2252237368821     
          60   213.80000000000001        122.16120497113640        9980.0000000000000        5395.2464633230620     
          61   248.69999999999999        139.09568648955297        11745.299999999999        6323.4180796464852     
          62   294.39999999999998        164.37469391606484        13817.500000000000        7420.6818857838125     
          63   348.89999999999998        197.95224171501573        16241.900000000000        8669.1693425610283     
          64   413.50000000000000        225.98241081995738        19069.900000000001        10146.375307960963     
          65   489.60000000000002        268.67422652722007        22388.599999999999        11852.623356877584     
          66   573.39999999999998        315.24758524055341        26246.099999999999        13754.886066049405     
          67   678.29999999999995        376.80951421109324        30717.900000000001        15955.467780356674     
          68   796.39999999999998        443.87187340492750        35897.599999999999        18468.471226390127     
          69   942.29999999999995        526.13668376192913        41897.500000000000        21284.097200727123     
          70   1105.5000000000000        610.16395337646759        48824.500000000000        24507.702145448067     
          71   1310.8000000000000        718.53570544545687        56762.400000000001        28037.445337262809     
          72   1543.5000000000000        845.42926966127686        65815.100000000006        31954.239920392385     
          73   1817.8000000000000        1000.3187292058469        76107.100000000006        36239.162651612132     
          74   2145.1999999999998        1185.2473834605169        87761.300000000003        40725.327581371261     
          75   2538.5000000000000        1389.7134416850117        100785.10000000001        45421.136058997901     
          76   2987.5000000000000        1640.8426036643489        115389.80000000000        50352.009945582111     
          77   3532.8000000000002        1924.4359589240682        131472.29999999999        55353.594969161692     
          78   4164.3000000000002        2275.6198737926329        149062.10000000001        60152.263564141955     
          79   4888.1000000000004        2677.8229385080704        168294.60000000001        64696.999734454424     
          80   5780.8000000000002        3155.6857511482353        188892.60000000001        68741.476286445875     
          81   6795.3999999999996        3702.5273854490270        210866.89999999999        72081.175401695553     
          82   7992.0000000000000        4348.8709109376887        233964.50000000000        74687.400967298367     
          83   9401.2999999999993        5086.1514930249587        257954.50000000000        76295.545786435046     
          84   11077.299999999999        5977.6188244149544        282441.59999999998        76613.981826035000     
          85   13045.500000000000        7014.5429394936355        307213.50000000000        75751.283625097771     
          86   15333.400000000000        8216.4095224130597        331949.29999999999        73677.801044887412     
          87   18020.400000000001        9605.6118722338560        356176.00000000000        70541.269705045750     
          88   21161.700000000001        11228.458612383090        379599.09999999998        66367.026215508580     
          89   24833.200000000001        13090.167506949634        401833.09999999998        61396.392186267920     
          90   29118.400000000001        15200.339767255200        422656.59999999998        55644.871580766732     
          91   34056.599999999999        17635.463635527140        441880.50000000000        49556.262613821069     
          92   39759.699999999997        20356.609118662185        459291.50000000000        43057.143247665583     
          93   46381.500000000000        23453.787098249188        474667.40000000002        36393.588254526068     
          94   54022.199999999997        26944.091733810590        488013.09999999998        29596.403502621877     
          95   62704.199999999997        30768.991867787932        499261.59999999998        22923.723516043960     
          96   72681.300000000003        35042.159488393401        508318.70000000001        16502.528733802748     
          97   83902.000000000000        39544.125042792381        515259.09999999998        11269.015444573091     
          98   96602.199999999997        44324.612304677852        520066.40000000002        9220.1168127078527     
          99   110809.70000000000        49387.613364182718        522762.59999999998        12327.646614013907     
         100   126643.00000000000        54610.096615918941        523193.00000000000        18060.233536695861     
         101   144114.10000000001        59822.868363945883        521437.09999999998        24478.295779936132     
         102   163199.50000000000        64921.047433401742        517670.29999999999        30948.870076466599     
         103   183939.10000000001        69648.427555042450        511698.29999999999        37021.655225151888     
         104   206175.60000000001        73843.937399355942        503730.50000000000        42425.897650491876     
         105   229835.89999999999        77452.639972372810        493846.40000000002        47148.542972609153     
         106   254660.79999999999        80185.765207797420        482327.59999999998        50909.660052292777     
         107   280422.70000000001        81929.683114302301        469402.70000000001        53528.434838037174     
         108   306922.00000000000        82592.899677877867        455165.00000000000        54985.570010685478     
         109   333830.40000000002        82236.430119746699        440022.50000000000        55315.772407605298     
         110   360828.40000000002        80887.056324482357        424234.29999999999        54555.293913698326     
         111   387608.00000000000        78700.172021413091        408127.40000000002        52892.535054013082     
         112   413814.20000000001        75883.044982130101        392098.90000000002        50588.381973433112     
         113   439304.00000000000        72366.248812550810        376204.20000000001        47532.397115651525     
         114   464000.20000000001        68647.509041188066        360588.70000000001        44230.321617754533     
         115   487606.70000000001        64762.457572346633        345547.09999999998        40748.442125926944     
         116   510226.09999999998        60918.873572071316        331000.09999999998        37327.999835110611     
         117   531712.69999999995        57204.320974992981        317061.29999999999        33966.998975623661     
         118   552147.09999999998        53759.410942550465        303779.00000000000        30821.496754700231     
         119   571641.50000000000        50565.675431561038        290950.50000000000        27938.183388509766     
         120   590231.19999999995        47621.926254195496        278775.29999999999        25239.356513390088     
         121   608050.00000000000        44953.027299616035        267060.40000000002        22791.871674787642     
         122   625258.80000000005        42426.469383628006        255729.00000000000        20446.120742087031     
         123   641801.69999999995        40203.017787350516        244882.39999999999        18364.034024146411     
         124   657784.69999999995        38180.235138223310        234497.79999999999        16590.789666559038     
         125   673300.50000000000        36352.864869910874        224504.00000000000        15065.388816754679     
         126   688307.90000000002        34652.329446805823        214990.10000000001        13702.481012210868     
         127   702864.80000000005        33209.256549340826        205896.10000000001        12671.080549424383     
         128   716827.09999999998        31952.143998330172        197426.60000000001        11880.014462953812     
         129   730442.50000000000        30844.491479841654        189315.00000000000        11321.324604479949     
         130   743466.90000000002        29915.204269568181        181769.10000000001        10999.213230499654     
         131   756001.90000000002        29108.079209903888        174678.39999999999        10968.745682164574     
         132   768007.69999999995        28472.473538665974        168034.39999999999        11209.782363632365     
         133   779473.00000000000        27925.924500362584        161785.89999999999        11610.418368431107     
         134   790439.40000000002        27559.947932462412        155865.89999999999        12313.164657796273     
         135   800847.59999999998        27206.632662642503        150322.29999999999        13099.552046157967     
         136   810721.40000000002        27021.781155948360        145134.70000000001        14087.896315986884     
         137   820047.09999999998        26885.521060415835        140175.10000000001        15186.684585188388     
         138   828849.90000000002        26825.931027459050        135431.70000000001        16384.135320791123     
         139   837206.00000000000        26730.031556285150        130820.60000000001        17566.120620102760     
         140   844990.09999999998        26687.001601715961        126413.20000000000        18721.600261729782     
         141   852341.19999999995        26734.631442384005        122109.50000000000        19896.104579791510     
         142   859246.19999999995        26760.442518015461        117905.80000000000        20983.757188835327     
         143   865805.19999999995        26818.538080218539        113654.80000000000        21971.829099098672     
         144   872042.40000000002        26876.481515258180        109405.30000000000        22878.556493144384     
         145   878067.50000000000        26929.026581925020        105051.39999999999        23673.568367274118     
         146   883841.40000000002        26942.202917354716        100637.80000000000        24318.456265972145     
         147   889484.59999999998        26903.866038918790        96103.100000000006        24816.466740654276     
         148   895039.09999999998        26672.050144111807        91437.899999999994        25034.601528484560     
         149   900564.09999999998        26385.676081731144        86607.100000000006        25113.531708821829     
         150   906044.59999999998        25955.183136324365        81657.199999999997        24968.881928512561     
         151   911521.80000000005        25408.548627575390        76594.800000000003        24658.871429163155     
         152   917003.69999999995        24760.699388548841        71424.000000000000        24187.248578538241     
         153   922506.90000000002        23979.515881060124        66148.300000000003        23541.777375763268     
         154   927972.00000000000        23022.073416615291        60854.099999999999        22690.841110236524     
         155   933369.90000000002        21950.337707880266        55588.900000000001        21703.340579044507     
         156   938658.80000000005        20782.203486634608        50397.599999999999        20598.947886724713     
         157   943794.59999999998        19558.249503473893        45333.699999999997        19423.684352099634     
         158   948742.19999999995        18228.781773889415        40436.500000000000        18128.611994579172     
         159   953530.09999999998        16794.415503076187        35684.500000000000        16719.016061060531     
         160   958056.59999999998        15335.294018701261        31185.400000000001        15279.345811912230     
         161   962266.40000000002        13838.115588472188        26992.799999999999        13792.685552857360     
         162   966164.00000000000        12347.411825967774        23109.299999999999        12310.045759866211     
         163   969725.00000000000        10869.775029868428        19559.200000000001        10839.673406519218     
         164   972930.09999999998        9472.6965374143292        16362.600000000000        9448.4600247871076     
         165   975791.00000000000        8134.6798707739927        13508.100000000000        8114.1823919603867     
         166   978306.69999999995        6858.8605766669616        10996.600000000000        6841.9230074592333     
         167   980456.69999999995        5734.0660277052102        8850.8999999999996        5719.3512123316932     
         168   982298.80000000005        4693.6892057298974        7011.1999999999998        4680.4615968940507     
         169   983789.59999999998        3811.5038029775474        5521.5000000000000        3799.1795232655163     
         170   985033.19999999995        3061.9260866499408        4279.8000000000002        3050.6058676925140     
         171   986039.09999999998        2410.0008485658032        3274.9000000000001        2398.7173009756693     
         172   986820.90000000002        1888.1695606901919        2493.9000000000001        1877.2401790927020     
         173   987431.19999999995        1465.5180517599160        1884.0000000000000        1455.0815784690562     
         174   987908.09999999998        1120.5598110047774        1407.4000000000001        1109.9424489585033     
         175   988271.09999999998        848.87201041351136        1044.5000000000000        838.58693645918436     
         176   988535.80000000005        651.90778480372148        780.20000000000005        642.05339341833553     
         177   988740.09999999998        488.63287851496477        576.20000000000005        479.24916275357214     
         178   988892.90000000002        364.81021091827239        423.60000000000002        355.27544243868016     
         179   989008.50000000000        269.31292199070560        308.00000000000000        259.53304221235493     
         180   989093.30000000005        200.45351047881712        223.19999999999999        189.89881516218054     
         181   989155.80000000005        143.41603784831520        160.69999999999999        132.66653685085777     
         182   989196.00000000000        107.47557862137798        120.59999999999999        96.619045741509993     
         183   989228.69999999995        78.247109259204422        88.000000000000000        67.102906047353855     
         184   989249.69999999995        64.950827441623574        67.000000000000000        52.495714110772894     
         185   989266.40000000002        51.470767122358517        50.299999999999997        37.741356626385333     
         186   989278.30000000005        44.792967217068515        38.399999999999999        29.880428377116687     
         187   989287.90000000002        38.474535955514625        28.800000000000001        22.868318696397424     
         188   989295.80000000005        34.550830492121499        20.899999999999999        17.096490868011486     
         189   989300.80000000005        32.728579439220624        15.900000000000000        12.934063553268942     
         190   989305.80000000005        29.491691841861371        10.900000000000000        8.4196199439167074     
         191   989308.90000000002        28.706967199972770        7.7999999999999998        6.0794736614282652     
         192   989310.69999999995        27.524718117028463        6.0000000000000000        5.0990195135927845     
         193   989312.09999999998        27.912185294072284        4.5999999999999996        3.8522720568516449     
         194   989313.69999999995        27.785068107989677        3.0000000000000000        2.7202941017470885     
         195   989314.30000000005        28.028732816187926        2.3999999999999999        2.9393876913398138     
         196   989315.09999999998        28.140540411449770        1.6000000000000001        1.9595917942265424     
         197   989315.40000000002        27.875435727396038        1.3000000000000000        1.7349351572897471     
         198   989315.50000000000        27.900715961635733        1.2000000000000000        1.7204650534085255     
         199   989315.80000000005        27.476532511712382       0.90000000000000002        1.2206555615733703     
         200   989316.30000000005        27.371700000867683       0.40000000000000002       0.66332495807107994     
         201   989316.50000000000        27.185474960502805       0.20000000000000001       0.40000000000000002     
         202   989316.50000000000        27.185474960502805       0.20000000000000001       0.40000000000000002     
         203   989316.50000000000        27.185474960502805       0.20000000000000001       0.40000000000000002     
         204   989316.50000000000        27.185474960502805       0.20000000000000001       0.40000000000000002     
         205   989316.59999999998        27.152165886070442       0.10000000000000001       0.29999999999999999     
         206   989316.69999999995        26.933439369118826        0.0000000000000000        0.0000000000000000     
         207   989316.69999999995        26.933439369118826        0.0000000000000000        0.0000000000000000     
         208   989316.69999999995        26.933439369118826        0.0000000000000000        0.0000000000000000     
         209   989316.69999999995        26.933439369118826        0.0000000000000000        0.0000000000000000     
         210   989316.69999999995        26.933439369118826        0.0000000000000000        0.0000000000000000     
         211   989316.69999999995        26.933439369118826        0.0000000000000000        0.0000000000000000     
         212   989316.69999999995        26.933439369118826        0.0000000000000000        0.0000000000000000     
         213   989316.69999999995        26.933439369118826        0.0000000000000000        0.0000000000000000     
         214   989316.69999999995        26.933439369118826        0.0000000000000000        0.0000000000000000     
         215   989316.69999999995        26.933439369118826        0.0000000000000000        0.0000000000000000     
         216   989316.69999999995        26.933439369118826        0.0000000000000000        0.0000000000000000     
         217   989316.69999999995        26.933439369118826        0.0000000000000000        0.0000000000000000     
         218   989316.69999999995        26.933439369118826        0.0000000000000000        0.0000000000000000     
         219   989316.69999999995        26.933439369118826        0.0000000000000000        0.0000000000000000     
         220   989316.69999999995        26.933439369118826        0.0000000000000000        0.0000000000000000     
         221   989316.69999999995        26.933439369118826        0.0000000000000000        0.0000000000000000     
         222   989316.69999999995        26.933439369118826        0.0000000000000000        0.0000000000000000     
         223   989316.69999999995        26.933439369118826        0.0000000000000000        0.0000000000000000     
         224   989316.69999999995        26.933439369118826        0.0000000000000000        0.0000000000000000     
         225   989316.69999999995        26.933439369118826        0.0000000000000000        0.0000000000000000     
         226   989316.69999999995        26.933439369118826        0.0000000000000000        0.0000000000000000     
         227   989316.69999999995        26.933439369118826        0.0000000000000000        0.0000000000000000     
         228   989316.69999999995        26.933439369118826        0.0000000000000000        0.0000000000000000     
         229   989316.69999999995        26.933439369118826        0.0000000000000000        0.0000000000000000     
         230   989316.69999999995        26.933439369118826        0.0000000000000000        0.0000000000000000     
         231   989316.69999999995        26.933439369118826        0.0000000000000000        0.0000000000000000     
         232   989316.69999999995        26.933439369118826        0.0000000000000000        0.0000000000000000     
         233   989316.69999999995        26.933439369118826        0.0000000000000000        0.0000000000000000     
         234   989316.69999999995        26.933439369118826        0.0000000000000000        0.0000000000000000     
         235   989316.69999999995        26.933439369118826        0.0000000000000000        0.0000000000000000     
         236   989316.69999999995        26.933439369118826        0.0000000000000000        0.0000000000000000     
         237   989316.69999999995        26.933439369118826        0.0000000000000000        0.0000000000000000     
         238   989316.69999999995        26.933439369118826        0.0000000000000000        0.0000000000000000     
         239   989316.69999999995        26.933439369118826        0.0000000000000000        0.0000000000000000     
         240   989316.69999999995        26.933439369118826        0.0000000000000000        0.0000000000000000     
         241   989316.69999999995        26.933439369118826        0.0000000000000000        0.0000000000000000     
         242   989316.69999999995        26.933439369118826        0.0000000000000000        0.0000000000000000     
         243   989316.69999999995        26.933439369118826        0.0000000000000000        0.0000000000000000     
         244   989316.69999999995        26.933439369118826        0.0000000000000000        0.0000000000000000     
         245   989316.69999999995        26.933439369118826        0.0000000000000000        0.0000000000000000     
         246   989316.69999999995        26.933439369118826        0.0000000000000000        0.0000000000000000     
         247   989316.69999999995        26.933439369118826        0.0000000000000000        0.0000000000000000     
         248   989316.69999999995        26.933439369118826        0.0000000000000000        0.0000000000000000     
         249   989316.69999999995        26.933439369118826        0.0000000000000000        0.0000000000000000     
         250   989316.69999999995        26.933439369118826        0.0000000000000000        0.0000000000000000     
         251   989316.69999999995        26.933439369118826        0.0000000000000000        0.0000000000000000     
         252   989316.69999999995        26.933439369118826        0.0000000000000000        0.0000000000000000     
         253   989316.69999999995        26.933439369118826        0.0000000000000000        0.0000000000000000     
         254   989316.69999999995        26.933439369118826        0.0000000000000000        0.0000000000000000     
         255   989316.69999999995        26.933439369118826        0.0000000000000000        0.0000000000000000     
         256   989316.69999999995        26.933439369118826        0.0000000000000000        0.0000000000000000     
         257   989316.69999999995        26.933439369118826        0.0000000000000000        0.0000000000000000     
         258   989316.69999999995        26.933439369118826        0.0000000000000000        0.0000000000000000     
         259   989316.69999999995        26.933439369118826        0.0000000000000000        0.0000000000000000     
         260   989316.69999999995        26.933439369118826        0.0000000000000000        0.0000000000000000     
         261   989316.69999999995        26.933439369118826        0.0000000000000000        0.0000000000000000     
         262   989316.69999999995        26.933439369118826        0.0000000000000000        0.0000000000000000     
         263   989316.69999999995        26.933439369118826        0.0000000000000000        0.0000000000000000     
         264   989316.69999999995        26.933439369118826        0.0000000000000000        0.0000000000000000     
         265   989316.69999999995        26.933439369118826        0.0000000000000000        0.0000000000000000     
         266   989316.69999999995        26.933439369118826        0.0000000000000000        0.0000000000000000     
         267   989316.69999999995        26.933439369118826        0.0000000000000000        0.0000000000000000     
         268   989316.69999999995        26.933439369118826        0.0000000000000000        0.0000000000000000     
         269   989316.69999999995        26.933439369118826        0.0000000000000000        0.0000000000000000     
         270   989316.69999999995        26.933439369118826        0.0000000000000000        0.0000000000000000     
         271   989316.69999999995        26.933439369118826        0.0000000000000000        0.0000000000000000     
         272   989316.69999999995        26.933439369118826        0.0000000000000000        0.0000000000000000     
         273   989316.69999999995        26.933439369118826        0.0000000000000000        0.0000000000000000     
         274   989316.69999999995        26.933439369118826        0.0000000000000000        0.0000000000000000     
         275   989316.69999999995        26.933439369118826        0.0000000000000000        0.0000000000000000     
         276   989316.69999999995        26.933439369118826        0.0000000000000000        0.0000000000000000     
         277   989316.69999999995        26.933439369118826        0.0000000000000000        0.0000000000000000     
         278   989316.69999999995        26.933439369118826        0.0000000000000000        0.0000000000000000     
         279   989316.69999999995        26.933439369118826        0.0000000000000000        0.0000000000000000     
         280   989316.69999999995        26.933439369118826        0.0000000000000000        0.0000000000000000     
         281   989316.69999999995        26.933439369118826        0.0000000000000000        0.0000000000000000     
         282   989316.69999999995        26.933439369118826        0.0000000000000000        0.0000000000000000     
         283   989316.69999999995        26.933439369118826        0.0000000000000000        0.0000000000000000     
         284   989316.69999999995        26.933439369118826        0.0000000000000000        0.0000000000000000     
         285   989316.69999999995        26.933439369118826        0.0000000000000000        0.0000000000000000     
         286   989316.69999999995        26.933439369118826        0.0000000000000000        0.0000000000000000     
         287   989316.69999999995        26.933439369118826        0.0000000000000000        0.0000000000000000     
         288   989316.69999999995        26.933439369118826        0.0000000000000000        0.0000000000000000     
         289   989316.69999999995        26.933439369118826        0.0000000000000000        0.0000000000000000     
         290   989316.69999999995        26.933439369118826        0.0000000000000000        0.0000000000000000     
         291   989316.69999999995        26.933439369118826        0.0000000000000000        0.0000000000000000     
         292   989316.69999999995        26.933439369118826        0.0000000000000000        0.0000000000000000     
         293   989316.69999999995        26.933439369118826        0.0000000000000000        0.0000000000000000     
         294   989316.69999999995        26.933439369118826        0.0000000000000000        0.0000000000000000     
         295   989316.69999999995        26.933439369118826        0.0000000000000000        0.0000000000000000     
         296   989316.69999999995        26.933439369118826        0.0000000000000000        0.0000000000000000     
         297   989316.69999999995        26.933439369118826        0.0000000000000000        0.0000000000000000     
         298   989316.69999999995        26.933439369118826        0.0000000000000000        0.0000000000000000     
         299   989316.69999999995        26.933439369118826        0.0000000000000000        0.0000000000000000     
         300   989316.69999999995        26.933439369118826        0.0000000000000000        0.0000000000000000     
