 #time susceptible exposed infected recover
           1     1095425           1           0           0
           2     1095425           1           0           0
           3     1095425           1           0           0
           4     1095425           1           0           0
           5     1095425           1           0           0
           6     1095424           1           1           0
           7     1095424           1           1           0
           8     1095424           1           1           0
           9     1095423           2           1           0
          10     1095423           2           1           0
          11     1095421           4           1           0
          12     1095420           4           2           0
          13     1095420           4           2           0
          14     1095418           5           3           0
          15     1095415           8           3           0
          16     1095412          10           4           0
          17     1095408          12           6           0
          18     1095404          16           6           0
          19     1095398          21           7           0
          20     1095391          25          10           0
          21     1095383          31          12           0
          22     1095375          36          15           0
          23     1095364          43          19           0
          24     1095350          51          25           0
          25     1095334          59          32           1
          26     1095306          79          40           1
          27     1095279         101          45           1
          28     1095252         118          55           1
          29     1095223         135          67           1
          30     1095189         155          81           1
          31     1095132         190         103           1
          32     1095074         219         131           2
          33     1094974         298         152           2
          34     1094879         359         185           3
          35     1094760         446         216           4
          36     1094632         533         256           5
          37     1094474         628         318           6
          38     1094266         746         407           7
          39     1093966         955         496           9
          40     1093618        1200         595          13
          41     1093206        1497         707          16
          42     1092746        1813         847          20
          43     1092177        2197        1026          26
          44     1091485        2655        1252          34
          45     1090606        3191        1589          40
          46     1089544        3874        1964          44
          47     1088244        4733        2390          59
          48     1086628        5849        2877          72
          49     1084800        7028        3516          82
          50     1082566        8449        4312          99
          51     1079841       10243        5204         138
          52     1076576       12336        6353         161
          53     1072531       14918        7786         191
          54     1067759       18001        9448         218
          55     1061913       21850       11409         254
          56     1055055       26160       13893         318
          57     1046699       31496       16821         410
          58     1037031       37556       20345         494
          59     1025480       44665       24681         600
          60     1011673       53082       29938         733
          61      995758       62676       36118         874
          62      977588       73292       43497        1049
          63      956847       85091       52183        1305
          64      933329       97923       62544        1630
          65      907449      111081       74885        2011
          66      878648      125075       89255        2448
          67      847496      139347      105607        2976
          68      814668      152674      124494        3590
          69      781195      164212      145639        4380
          70      747802      172836      169488        5300
          71      714907      178073      195938        6508
          72      683679      179678      224077        7992
          73      654171      177007      254578        9670
          74      627122      170874      285695       11735
          75      601969      162728      316520       14209
          76      578817      152733      346651       17225
          77      556934      142552      375156       20784
          78      536203      133083      400858       25282
          79      516343      124596      423935       30552
          80      496591      118026      443853       36956
          81      477468      112920      460478       44560
          82      458526      109264      474224       53412
          83      440318      106103      484957       64048
          84      422471      103616      492515       76824
          85      405130      101013      497745       91538
          86      389128       97582      500124      108592
          87      373892       93764      499736      128034
          88      359283       89751      496281      150111
          89      345584       85494      489509      174839
          90      332943       80545      479807      202131
          91      321090       75793      466222      232321
          92      310027       71270      449832      264297
          93      299717       66681      431568      297460
          94      289854       62362      412717      330493
          95      280563       58632      392394      363837
          96      271452       55463      372567      395944
          97      262659       52777      353834      426156
          98      254062       50763      335895      454706
          99      245713       48981      319707      481025
         100      237902       47261      305255      505008
         101      230169       45791      291800      527666
         102      222702       44330      279443      548951
         103      215607       42775      267655      569389
         104      208630       41193      256384      589219
         105      201787       40082      244973      608584
         106      194917       39124      233698      627687
         107      188183       38278      222626      646339
         108      181347       37837      211884      664358
         109      174625       37464      201551      681786
         110      168012       37177      191866      698371
         111      161318       36984      183044      714080
         112      154971       36645      174845      728965
         113      148636       36117      167641      743032
         114      142437       35515      161217      756257
         115      136614       34692      155548      768572
         116      131172       33461      150863      779930
         117      126092       32048      146632      790654
         118      121754       30035      142887      800750
         119      117909       27529      139763      810225
         120      114748       24750      136512      819416
         121      112210       21679      133157      828380
         122      110262       18344      129777      837043
         123      108767       15163      125907      845589
         124      107676       12070      122013      853667
         125      106895        9413      117764      861354
         126      106403        7077      112946      869000
         127      106071        5206      107913      876236
         128      105843        3664      102634      883285
         129      105703        2527       97014      890182
         130      105618        1674       91007      897127
         131      105568        1122       84841      903895
         132      105540         694       78450      910742
         133      105530         430       72071      917395
         134      105518         264       65576      924068
         135      105515         149       59078      930684
         136      105512          84       52590      937240
         137      105507          46       46268      943605
         138      105507          33       39982      949904
         139      105507          21       33977      955921
         140      105506          13       28330      961577
         141      105506           8       23113      966799
         142      105505           4       18446      971471
         143      105505           2       14296      975623
         144      105505           2       10810      979109
         145      105505           1        8000      981920
         146      105505           1        5752      984168
         147      105505           1        4029      985891
         148      105505           0        2701      987220
         149      105505           0        1786      988135
         150      105505           0        1148      988773
         151      105505           0         732      989189
         152      105505           0         457      989464
         153      105505           0         271      989650
         154      105505           0         152      989769
         155      105505           0          84      989837
         156      105505           0          46      989875
         157      105505           0          34      989887
         158      105505           0          20      989901
         159      105505           0          13      989908
         160      105505           0           8      989913
         161      105505           0           5      989916
         162      105505           0           3      989918
         163      105505           0           2      989919
         164      105505           0           1      989920
         165      105505           0           1      989920
         166      105505           0           0      989921
           1     1095425           1           0           0
           2     1095425           1           0           0
           3     1095425           1           0           0
           4     1095425           1           0           0
           5     1095425           1           0           0
           6     1095424           1           1           0
           7     1095424           1           1           0
           8     1095423           2           1           0
           9     1095423           2           1           0
          10     1095423           2           1           0
          11     1095423           1           2           0
          12     1095422           2           2           0
          13     1095417           6           3           0
          14     1095417           6           3           0
          15     1095416           7           3           0
          16     1095415           8           3           0
          17     1095414           9           3           0
          18     1095410          11           5           0
          19     1095405          12           9           0
          20     1095396          20          10           0
          21     1095389          26          11           0
          22     1095381          34          11           0
          23     1095378          34          14           0
          24     1095373          35          18           0
          25     1095358          44          23           1
          26     1095339          54          32           1
          27     1095322          62          41           1
          28     1095297          82          46           1
          29     1095266         110          49           1
          30     1095233         130          62           1
          31     1095181         170          74           1
          32     1095126         206          92           2
          33     1095071         239         113           3
          34     1094997         286         140           3
          35     1094896         354         173           3
          36     1094787         423         212           4
          37     1094625         532         263           6
          38     1094442         661         314           9
          39     1094249         789         378          10
          40     1094017         932         467          10
          41     1093717        1125         573          11
          42     1093317        1388         707          14
          43     1092846        1686         874          20
          44     1092281        2065        1052          28
          45     1091588        2548        1257          33
          46     1090766        3106        1512          42
          47     1089736        3774        1870          46
          48     1088527        4554        2294          51
          49     1087045        5538        2782          61
          50     1085282        6653        3418          73
          51     1083066        8097        4173          90
          52     1080521        9708        5077         120
          53     1077245       11893        6146         142
          54     1073267       14520        7468         171
          55     1068665       17494        9046         221
          56     1063058       21163       10936         269
          57     1056487       25311       13299         329
          58     1048492       30433       16120         381
          59     1039023       36266       19664         473
          60     1027709       43221       23918         578
          61     1014376       51445       28879         726
          62      998762       60973       34789         902
          63      980878       71604       41875        1069
          64      960421       83313       50393        1299
          65      936979       96417       60455        1575
          66      910816      110289       72394        1927
          67      881673      125000       86399        2354
          68      850406      139471      102689        2860
          69      817466      153296      121172        3492
          70      782565      166310      142281        4270
          71      747224      176822      166216        5164
          72      712335      184138      192680        6273
          73      678347      187980      221443        7656
          74      646376      187620      252152        9278
          75      616408      183584      284242       11192
          76      588796      176345      316684       13601
          77      563430      166443      349037       16516
          78      540612      154848      379838       20128
          79      519757      142632      408563       24474
          80      500339      130971      434557       29559
          81      482062      120502      457221       35641
          82      465116      111026      476358       42926
          83      448840      103124      491795       51667
          84      433385       96772      503269       62000
          85      418326       91510      511230       74360
          86      404077       86878      515638       88833
          87      390119       83247      516507      105553
          88      376363       80404      513984      124675
          89      362927       77958      507884      146657
          90      349945       75583      498394      171504
          91      337523       73423      485422      199058
          92      325693       71220      469335      229178
          93      314036       68970      451058      261362
          94      302742       66788      430470      295426
          95      291734       64595      408560      330537
          96      281273       62318      386147      365688
          97      271173       60391      363717      400145
          98      261492       58252      342714      432968
          99      252451       55879      323100      463996
         100      243988       53171      305444      492823
         101      236109       50318      289681      519318
         102      228554       47584      275707      543581
         103      221316       44996      263720      565394
         104      214134       42887      252807      585598
         105      207266       41035      242654      604471
         106      200549       39575      233163      622139
         107      193741       38588      224443      638654
         108      186827       38161      215942      654496
         109      180001       37786      207660      669979
         110      172928       37714      200358      684426
         111      165882       38042      192872      698630
         112      158876       38290      185801      712459
         113      151946       38367      179111      726002
         114      145131       38316      172775      739204
         115      138710       37673      167266      751777
         116      132605       36791      162120      763910
         117      126960       35362      157330      775774
         118      121871       33518      152898      787139
         119      117614       30939      148592      798281
         120      114112       27798      144548      808968
         121      111416       24290      140414      819306
         122      109448       20381      136469      829128
         123      108149       16220      132666      838391
         124      107172       12568      128523      847163
         125      106523        9345      124162      855396
         126      106127        6645      119554      863100
         127      105875        4556      114527      870468
         128      105726        3111      108869      877720
         129      105639        2036      103044      884707
         130      105587        1250       97031      891558
         131      105556         777       90734      898359
         132      105532         467       84211      905216
         133      105524         283       77556      912063
         134      105520         163       70746      918997
         135      105513         100       63749      926064
         136      105511          62       56761      933092
         137      105511          31       49772      940112
         138      105510          21       42973      946922
         139      105510          14       36296      953606
         140      105510           4       30108      959804
         141      105508           3       24252      965663
         142      105508           3       18839      971076
         143      105508           3       14172      975743
         144      105507           3       10356      979560
         145      105507           3        7227      982689
         146      105507           1        4935      984983
         147      105507           1        3306      986612
         148      105507           1        2167      987751
         149      105507           0        1348      988571
         150      105507           0         828      989091
         151      105507           0         487      989432
         152      105507           0         293      989626
         153      105507           0         185      989734
         154      105507           0         100      989819
         155      105507           0          63      989856
         156      105507           0          34      989885
         157      105507           0          25      989894
         158      105507           0          16      989903
         159      105507           0          10      989909
         160      105507           0           5      989914
         161      105507           0           4      989915
         162      105507           0           3      989916
         163      105507           0           3      989916
         164      105507           0           3      989916
         165      105507           0           2      989917
         166      105507           0           1      989918
         167      105507           0           1      989918
         168      105507           0           0      989919
           1     1095425           1           0           0
           2     1095425           1           0           0
           3     1095425           1           0           0
           4     1095425           1           0           0
           5     1095425           1           0           0
           6     1095425           1           0           0
           7     1095425           0           1           0
           8     1095424           1           1           0
           9     1095423           2           1           0
          10     1095423           2           1           0
          11     1095422           3           1           0
          12     1095422           3           1           0
          13     1095422           3           1           0
          14     1095422           3           1           0
          15     1095422           1           3           0
          16     1095418           4           4           0
          17     1095418           4           4           0
          18     1095416           6           4           0
          19     1095413           9           4           0
          20     1095413           9           4           0
          21     1095410          10           6           0
          22     1095408          11           7           0
          23     1095404          12          10           0
          24     1095395          19          12           0
          25     1095386          27          12           1
          26     1095381          30          14           1
          27     1095379          30          16           1
          28     1095372          35          18           1
          29     1095355          43          27           1
          30     1095327          63          35           1
          31     1095301          83          41           1
          32     1095274         106          44           2
          33     1095244         134          46           2
          34     1095214         147          62           3
          35     1095162         177          83           4
          36     1095093         223         106           4
          37     1094996         287         139           4
          38     1094916         342         164           4
          39     1094823         411         188           4
          40     1094688         500         230           8
          41     1094531         604         283           8
          42     1094338         708         371           9
          43     1094071         880         464          11
          44     1093761        1103         550          12
          45     1093409        1361         641          15
          46     1092962        1643         806          15
          47     1092429        2005         972          20
          48     1091783        2405        1213          25
          49     1091025        2896        1472          33
          50     1090016        3578        1789          43
          51     1088891        4312        2178          45
          52     1087437        5253        2685          51
          53     1085669        6436        3257          64
          54     1083460        7956        3923          87
          55     1080914        9603        4798         111
          56     1077758       11759        5770         139
          57     1074042       14139        7079         166
          58     1069486       17061        8684         195
          59     1064216       20356       10621         233
          60     1057917       24295       12920         294
          61     1050114       29154       15780         378
          62     1040829       35105       19019         473
          63     1029958       41834       23075         559
          64     1016863       49988       27913         662
          65     1001905       59118       33602         801
          66      984373       69723       40343         987
          67      964283       81203       48724        1216
          68      941183       94294       58455        1494
          69      915182      108314       70104        1826
          70      886409      123117       83655        2245
          71      855120      138039       99529        2738
          72      821807      152541      117741        3337
          73      787080      165561      138762        4023
          74      751476      176747      162293        4910
          75      715532      185221      188734        5939
          76      680833      189960      217424        7209
          77      648009      190605      247968        8844
          78      617390      187082      280103       10851
          79      588644      180670      312925       13187
          80      562226      171222      345929       16049
          81      538190      160034      377732       19470
          82      516199      148208      407424       23595
          83      495143      137527      434245       28511
          84      475007      127965      458121       34333
          85      455770      119547      478729       41380
          86      436953      113071      495484       49918
          87      418510      108495      508517       59904
          88      401050      104363      517996       72017
          89      384049      100645      524915       85817
          90      367813       97452      528029      102132
          91      352580       93487      528516      120843
          92      338486       89009      525318      142613
          93      325566       84026      518492      167342
          94      313662       78648      508744      194372
          95      302755       72951      495077      224643
          96      292880       67204      478387      256955
          97      283837       61546      459028      291015
          98      275577       56367      437424      326058
          99      267894       51652      413988      361892
         100      260720       47477      389887      397342
         101      253947       43919      366435      431125
         102      247473       40808      344451      462694
         103      241209       38462      323308      492447
         104      235115       36598      303563      520150
         105      229152       35073      285936      545265
         106      223365       33920      269812      568329
         107      217522       33219      254551      590134
         108      211603       32766      240403      610654
         109      205427       32743      226931      630325
         110      199171       32987      213893      649375
         111      192656       33599      201262      667909
         112      186091       34367      189029      685939
         113      179318       35292      177765      703051
         114      172629       35900      167093      719804
         115      166032       36250      157732      735412
         116      159323       36645      149318      750140
         117      152748       36583      142515      763580
         118      146347       36377      136724      775978
         119      140200       35672      132124      787430
         120      134230       35182      128352      797662
         121      128864       33734      125716      807112
         122      123958       32005      123679      815784
         123      119648       29785      122225      823768
         124      116000       27174      121090      831162
         125      113028       24249      119948      838201
         126      110727       20801      119242      844656
         127      109007       17328      118042      851049
         128      107805       13994      116414      857213
         129      106970       10835      114359      863262
         130      106427        8080      111783      869136
         131      106076        5796      108560      874994
         132      105832        4012      104724      880858
         133      105697        2710      100115      886904
         134      105624        1780       94942      893080
         135      105585        1128       89272      899441
         136      105552         711       83057      906106
         137      105541         404       76785      912696
         138      105529         233       70111      919553
         139      105525         133       63602      926166
         140      105519          92       57050      932765
         141      105516          53       50389      939468
         142      105515          32       43889      945990
         143      105512          20       37777      952117
         144      105512          15       31686      958213
         145      105512           9       26018      963887
         146      105511           6       20866      969043
         147      105510           6       16261      973649
         148      105510           2       12259      977655
         149      105510           2        8999      980915
         150      105510           2        6321      983593
         151      105510           1        4360      985555
         152      105510           0        2916      987000
         153      105510           0        1878      988038
         154      105510           0        1174      988742
         155      105510           0         752      989164
         156      105510           0         442      989474
         157      105510           0         259      989657
         158      105510           0         163      989753
         159      105510           0          97      989819
         160      105510           0          65      989851
         161      105510           0          38      989878
         162      105510           0          23      989893
         163      105510           0          19      989897
         164      105510           0          11      989905
         165      105510           0           6      989910
         166      105510           0           5      989911
         167      105510           0           3      989913
         168      105510           0           2      989914
         169      105510           0           2      989914
         170      105510           0           1      989915
         171      105510           0           0      989916
           1     1095425           1           0           0
           2     1095425           1           0           0
           3     1095425           1           0           0
           4     1095425           1           0           0
           5     1095425           1           0           0
           6     1095425           0           1           0
           7     1095423           2           1           0
           8     1095421           4           1           0
           9     1095420           5           1           0
          10     1095420           5           1           0
          11     1095420           5           1           0
          12     1095420           4           2           0
          13     1095420           2           4           0
          14     1095419           3           4           0
          15     1095417           4           5           0
          16     1095415           5           6           0
          17     1095413           7           6           0
          18     1095409          11           6           0
          19     1095403          16           7           0
          20     1095402          16           8           0
          21     1095397          19          10           0
          22     1095388          25          13           0
          23     1095379          31          16           0
          24     1095366          40          20           0
          25     1095356          46          23           1
          26     1095345          56          24           1
          27     1095328          65          32           1
          28     1095295          90          40           1
          29     1095270         103          52           1
          30     1095235         126          64           1
          31     1095198         154          72           2
          32     1095143         194          84           5
          33     1095070         244         106           6
          34     1094987         297         136           6
          35     1094891         360         169           6
          36     1094769         453         198           6
          37     1094619         555         246           6
          38     1094444         655         320           7
          39     1094213         808         397           8
          40     1093959         983         475           9
          41     1093659        1166         590          11
          42     1093277        1426         709          14
          43     1092794        1745         866          21
          44     1092207        2121        1074          24
          45     1091491        2603        1305          27
          46     1090652        3163        1578          33
          47     1089645        3851        1891          39
          48     1088376        4684        2310          56
          49     1086841        5650        2871          64
          50     1084853        6989        3505          79
          51     1082544        8520        4270          92
          52     1079927       10233        5148         118
          53     1076638       12356        6292         140
          54     1072553       15045        7652         176
          55     1067681       18106        9429         210
          56     1061875       21823       11472         256
          57     1055020       26221       13861         324
          58     1046722       31602       16709         393
          59     1036854       37709       20372         491
          60     1025229       44880       24720         597
          61     1011607       53222       29865         732
          62      995912       62579       36026         909
          63      977612       73219       43495        1100
          64      956532       85176       52386        1332
          65      932816       98227       62763        1620
          66      906278      112366       74839        1943
          67      877074      126884       89073        2395
          68      845705      141215      105563        2943
          69      812712      154637      124511        3566
          70      778624      166079      146382        4341
          71      744357      175268      170540        5261
          72      711216      180532      197242        6436
          73      679565      181942      226104        7815
          74      650116      179262      256475        9573
          75      622967      172727      288039       11693
          76      597883      163714      319638       14191
          77      575434      152540      350341       17111
          78      554966      140616      378985       20859
          79      535801      129316      405011       25298
          80      517461      119193      428180       30592
          81      500015      110466      448080       36865
          82      482807      103778      464370       44471
          83      465957       99167      476651       53651
          84      449803       95365      486057       64201
          85      433515       92985      492038       76888
          86      417724       90794      495336       91572
          87      402180       89075      495628      108543
          88      386946       87104      493222      128154
          89      371832       85774      487164      150656
          90      357166       84301      478137      175822
          91      343026       82378      466376      203646
          92      329296       80425      451814      233891
          93      316598       77725      434996      266107
          94      304579       74469      416669      299709
          95      293563       70751      397331      333781
          96      283276       66697      378043      367410
          97      273621       62409      359443      399953
          98      264614       58237      342056      430519
          99      256142       54179      326347      458758
         100      248262       50722      311448      484994
         101      240719       47669      298358      508680
         102      233322       45041      286807      530256
         103      226173       42819      276178      550256
         104      219041       41409      265862      569114
         105      212127       40151      256089      587059
         106      205127       39411      246622      604266
         107      198052       38916      237175      621283
         108      191150       38518      227984      637774
         109      184130       38528      218899      653869
         110      177153       38442      209780      670051
         111      170288       38362      201061      685715
         112      163544       38018      192737      701127
         113      156892       37718      184576      716240
         114      150452       37165      176729      731080
         115      144277       36413      169252      745484
         116      138429       35297      162404      759296
         117      132905       34079      155933      772509
         118      127742       32467      150276      784941
         119      123323       30352      145374      796377
         120      119400       27900      141088      807038
         121      115973       25343      137080      817030
         122      113178       22383      133573      826292
         123      110988       19266      130123      835049
         124      109311       16271      126603      843241
         125      108035       13280      123213      850898
         126      107187       10448      119444      858347
         127      106578        7939      115293      865616
         128      106188        5882      110573      872783
         129      105927        4229      105414      879856
         130      105769        2907       99869      886881
         131      105666        1955       93931      893874
         132      105599        1265       87763      900799
         133      105561         809       81254      907802
         134      105539         524       74658      914705
         135      105526         330       67860      921710
         136      105520         203       61188      928515
         137      105515         120       54616      935175
         138      105512          67       48086      941761
         139      105510          41       41729      948146
         140      105509          23       35755      954139
         141      105509          15       30159      959743
         142      105509           9       24743      965165
         143      105509           4       20049      969864
         144      105509           1       15880      974036
         145      105509           0       12224      977693
         146      105509           0        9028      980889
         147      105509           0        6538      983379
         148      105509           0        4610      985307
         149      105509           0        3188      986729
         150      105509           0        2110      987807
         151      105509           0        1375      988542
         152      105509           0         865      989052
         153      105509           0         531      989386
         154      105509           0         339      989578
         155      105509           0         201      989716
         156      105509           0         129      989788
         157      105509           0          72      989845
         158      105509           0          46      989871
         159      105509           0          25      989892
         160      105509           0          14      989903
         161      105509           0           9      989908
         162      105509           0           4      989913
         163      105509           0           1      989916
         164      105509           0           1      989916
         165      105509           0           0      989917
