 #time average_recover sd_R average_infected sd_I
          24  0.80000000000000004       0.39999999999999991        10.400000000000000        4.1999999999999984     
          25   1.0000000000000000        0.0000000000000000        11.000000000000000        4.4045431091090483     
          26   1.0000000000000000        0.0000000000000000        12.300000000000001        5.0606323715519963     
          27   1.0000000000000000        0.0000000000000000        13.500000000000000        5.8864250611045756     
          28   1.0000000000000000        0.0000000000000000        15.500000000000000        5.8523499553598128     
          29   1.0000000000000000        0.0000000000000000        17.699999999999999        6.9000000000000012     
          30   1.1000000000000001       0.29999999999999977        20.500000000000000        8.0031243898867412     
          31   1.3000000000000000       0.64031242374328479        22.500000000000000        8.5117565754666664     
          32   1.3999999999999999       0.80000000000000027        24.899999999999999        9.6690227013902561     
          33   2.2999999999999998        1.0049875621120894        26.699999999999999        10.964032105024138     
          34   2.3999999999999999       0.91651513899116788        28.600000000000001        11.403508232118744     
          35   2.3999999999999999       0.91651513899116788        32.200000000000003        13.090454537562854     
          36   2.6000000000000001        1.1999999999999995        36.299999999999997        14.092906016858274     
          37   3.3999999999999999        1.8547236990991411        39.899999999999999        15.674501586972392     
          38   3.7999999999999998        1.7776388834631183        45.000000000000000        18.670832868407341     
          39   4.5000000000000000        2.1563858652847823        50.700000000000003        19.789138435010244     
          40   5.0000000000000000        2.4083189157584592        55.200000000000003        20.917934888511329     
          41   5.5000000000000000        2.5000000000000000        59.899999999999999        22.945369903316010     
          42   5.9000000000000004        2.3853720883753122        65.900000000000006        23.813651546959345     
          43   7.2000000000000002        2.4819347291981706        71.700000000000003        26.103831136444317     
          44   7.7000000000000002        2.9342801502242417        80.299999999999997        28.548379989064198     
          45   8.4000000000000004        3.2310988842807022        90.500000000000000        31.878676258590161     
          46   9.3000000000000007        3.2572994949804639        99.200000000000003        34.093401121038056     
          47   10.300000000000001        3.6619666847201087        109.90000000000001        37.633628578706002     
          48   11.600000000000000        4.6518813398452012        120.00000000000000        40.375735287422330     
          49   12.600000000000000        4.8414873747640819        132.50000000000000        44.838041884096597     
          50   14.100000000000000        5.8728187440104103        146.59999999999999        47.841822707752300     
          51   15.199999999999999        5.8446556784809829        164.80000000000001        54.915935756390375     
          52   17.699999999999999        6.3882705014737802        180.59999999999999        60.567648130004237     
          53   19.699999999999999        7.5901251636583709        199.90000000000001        67.488443455157523     
          54   22.699999999999999        8.3791407674056906        220.50000000000000        75.552961556778172     
          55   24.600000000000001        9.1673333090926707        245.59999999999999        84.100178358907158     
          56   27.800000000000001        10.759182125050211        268.50000000000000        89.090122909332678     
          57   29.300000000000001        11.234322409473570        297.50000000000000        98.896157660447031     
          58   33.100000000000001        12.356779515715242        329.10000000000002        110.95805513796638     
          59   36.600000000000001        14.185908501044260        364.30000000000001        120.64580390548183     
          60   40.100000000000001        14.645477117526754        404.60000000000002        133.58981997143331     
          61   45.600000000000001        17.928747864811978        443.10000000000002        144.49529404101708     
          62   51.500000000000000        19.996249648371563        488.30000000000001        163.12207085492753     
          63   58.100000000000001        22.033837613997246        538.29999999999995        181.10055218027370     
          64   62.799999999999997        24.886944368483650        600.39999999999998        199.87756252266044     
          65   68.599999999999994        25.259453675802270        660.60000000000002        217.70218189076547     
          66   75.299999999999997        27.144244325455080        736.00000000000000        240.83479815010128     
          67   83.400000000000006        28.883213117657096        812.89999999999998        269.56240464871973     
          68   93.400000000000006        31.925538366643060        900.29999999999995        303.81838324894034     
          69   103.80000000000000        35.709382520564560        1000.2000000000000        330.61784585832618     
          70   114.09999999999999        38.903598805251931        1111.5999999999999        367.35982360622972     
          71   126.09999999999999        43.221406733238105        1225.0999999999999        405.73647851776934     
          72   137.50000000000000        46.264997568356151        1358.2000000000000        451.77689183932358     
          73   152.19999999999999        50.907366853924046        1504.7000000000000        503.08867011690842     
          74   171.30000000000001        56.384483681239814        1667.5999999999999        557.37656929583977     
          75   188.59999999999999        63.525113144330582        1847.0999999999999        609.46180356114235     
          76   208.90000000000001        69.285568482909909        2055.0000000000000        678.57203007492137     
          77   232.09999999999999        78.539735166347526        2258.9000000000001        738.05805327223436     
          78   256.30000000000001        87.049468694530248        2492.1999999999998        813.38266517058332     
          79   281.69999999999999        95.221898741833570        2758.9000000000001        899.58006314057400     
          80   311.50000000000000        103.75765032034984        3056.6999999999998        1001.0740282316792     
          81   344.30000000000001        113.34906263397150        3386.0000000000000        1111.4813538696908     
          82   380.50000000000000        126.00654744893217        3748.1999999999998        1232.4982596336602     
          83   420.30000000000001        138.41174083147715        4151.8999999999996        1368.6266437564352     
          84   466.10000000000002        155.74687797834011        4568.8000000000002        1497.3636031371932     
          85   513.70000000000005        169.16799342665249        5061.1999999999998        1651.7536014793493     
          86   566.60000000000002        191.14402946469446        5612.3999999999996        1827.4503659470502     
          87   630.50000000000000        210.38738080027514        6191.1000000000004        2019.6982670686223     
          88   695.00000000000000        227.95087190006529        6855.8000000000002        2222.4066594572651     
          89   768.89999999999998        250.34753843407370        7572.8000000000002        2446.6010626990251     
          90   853.20000000000005        278.80595402537568        8368.0000000000000        2718.0722580534898     
          91   943.79999999999995        312.71066499241766        9248.0000000000000        2994.4308975162553     
          92   1049.5999999999999        347.02051812536962        10199.299999999999        3307.1545186156663     
          93   1164.9000000000001        382.84969635615448        11283.100000000000        3655.1732776983363     
          94   1284.4000000000001        422.51513582355790        12450.100000000000        4027.4789248362281     
          95   1418.7000000000000        468.89701427925507        13759.100000000000        4455.1592440674876     
          96   1574.5999999999999        521.73579520673127        15160.000000000000        4892.4655542987721     
          97   1750.8000000000000        580.02117202736702        16749.299999999999        5383.9997408989575     
          98   1939.9000000000001        639.94725563908764        18472.599999999999        5929.4168212396817     
          99   2150.5999999999999        709.75054772786245        20373.599999999999        6537.8164122281723     
         100   2377.5999999999999        781.53978785471975        22466.500000000000        7188.9067353805576     
         101   2616.3000000000002        856.88471219878716        24770.700000000001        7898.1786134525955     
         102   2895.0999999999999        944.42802266768899        27310.200000000001        8679.2556570249653     
         103   3207.9000000000001        1045.4417678665800        30089.599999999999        9530.7683656670615     
         104   3553.5999999999999        1164.4631552780024        33061.699999999997        10412.998070200541     
         105   3931.3000000000002        1287.0262662432337        36348.900000000001        11416.800554008109     
         106   4350.1000000000004        1434.0929153998350        39919.800000000003        12484.827942747139     
         107   4795.1999999999998        1585.5296780571468        43831.500000000000        13637.102545995609     
         108   5301.8999999999996        1732.1126089258757        48063.800000000003        14861.443690301421     
         109   5870.0000000000000        1915.5890999898704        52689.599999999999        16202.875715131560     
         110   6500.6999999999998        2124.3332624614250        57737.099999999999        17603.973928917305     
         111   7184.6999999999998        2342.1289908969575        63166.099999999999        19119.637938256059     
         112   7940.6999999999998        2565.8492570687022        68998.899999999994        20729.606969019002     
         113   8778.6000000000004        2839.5050343325665        75315.800000000003        22409.481894055454     
         114   9703.8999999999996        3148.3621916799866        82107.300000000003        24134.189404452743     
         115   10717.500000000000        3478.9536429794525        89396.000000000000        25970.288138563268     
         116   11847.799999999999        3839.0884543078746        97183.000000000000        27880.690536642007     
         117   13087.299999999999        4251.7791346682161        105477.10000000001        29855.183182991819     
         118   14459.600000000000        4693.2981835804985        114263.00000000000        31767.341021873399     
         119   15961.299999999999        5173.2164472405420        123508.20000000000        33800.474889563317     
         120   17618.799999999999        5680.5525576302889        133291.70000000001        35834.056499508886     
         121   19444.400000000001        6256.0992671152444        143533.50000000000        37868.062298591409     
         122   21473.200000000001        6912.5051146454844        154174.79999999999        39825.924267491922     
         123   23676.400000000001        7603.0159568423887        165287.79999999999        41703.700888050720     
         124   26106.700000000001        8357.5928358588990        176780.29999999999        43456.555425044950     
         125   28803.299999999999        9179.5540528938564        188472.89999999999        45074.187758516557     
         126   31751.500000000000        10098.543649952695        200515.29999999999        46514.782220386696     
         127   34954.900000000001        11072.284393475453        212794.39999999999        47800.852386123792     
         128   38426.199999999997        12136.617014637983        225216.29999999999        48827.145548454944     
         129   42281.599999999999        13319.544738466100        237614.39999999999        49648.364039915723     
         130   46433.599999999999        14565.404046575570        249981.00000000000        50287.403750840029     
         131   50986.500000000000        15905.167136814378        262241.09999999998        50504.236997404507     
         132   55970.800000000003        17367.327876216292        274271.29999999999        50336.888678284566     
         133   61381.599999999999        18905.088517116237        285923.00000000000        49853.723939140255     
         134   67301.399999999994        20590.490806195012        297047.79999999999        48943.060786591632     
         135   73654.100000000006        22385.018858379368        307589.40000000002        47708.200687512632     
         136   80521.699999999997        24281.314647481511        317590.59999999998        46162.620164371277     
         137   87967.000000000000        26272.241545022385        326856.79999999999        44346.706885179345     
         138   95970.500000000000        28377.555804720054        335327.29999999999        42223.712165204161     
         139   104564.10000000001        30553.875821080353        342930.09999999998        39764.926001314459     
         140   113804.00000000000        32907.477557540027        349567.59999999998        36983.946815341704     
         141   123645.89999999999        35249.077089904080        355339.79999999999        34152.572207082740     
         142   134064.60000000001        37709.248767908379        360169.90000000002        31126.565028765868     
         143   145215.60000000001        40247.467168009447        363874.40000000002        27979.438283138996     
         144   156954.39999999999        42818.358233823070        366541.59999999998        24887.606844371712     
         145   169271.50000000000        45394.617846722766        368294.70000000001        22034.559755302245     
         146   182315.70000000001        47999.031461165876        368842.90000000002        19572.445117817653     
         147   195974.60000000001        50514.021637957056        368363.59999999998        17660.963162863653     
         148   210110.39999999999        52977.751156877232        366992.59999999998        16524.287041806700     
         149   224817.89999999999        55376.515709188527        364661.70000000001        16230.159734579916     
         150   240010.70000000001        57679.200291006040        361451.00000000000        16767.377755630219     
         151   255695.60000000001        59792.028069300337        357323.29999999999        18021.917645190144     
         152   271770.79999999999        61838.153473078470        352510.40000000002        19709.683017237596     
         153   288161.59999999998        63675.114629186370        346914.09999999998        21719.141306460795     
         154   304816.29999999999        65375.629350775736        340689.40000000002        23911.529910066067     
         155   321769.40000000002        66725.604761890179        333786.59999999998        25951.937936115959     
         156   338810.90000000002        67814.284345482796        326447.79999999999        27822.634597751643     
         157   355823.79999999999        68606.268929012716        318867.79999999999        29437.838503531639     
         158   372779.50000000000        69153.144910770236        310973.09999999998        30919.650377874921     
         159   389677.29999999999        69448.579802685781        302799.09999999998        32126.910711894081     
         160   406486.70000000001        69531.040883981972        294463.70000000001        33219.276078957402     
         161   423078.40000000002        69382.156034819054        286062.59999999998        34081.230353964886     
         162   439422.29999999999        68947.542192670182        277526.20000000001        34677.044622631765     
         163   455480.90000000002        68212.196580156975        269044.50000000000        34993.316494010680     
         164   471222.29999999999        67343.451442660866        260590.20000000001        35198.737189848085     
         165   486659.09999999998        66320.646074130142        252145.50000000000        35218.150395073280     
         166   501692.90000000002        65075.426153733068        243831.00000000000        35059.600251571654     
         167   516325.09999999998        63687.923132176438        235645.60000000001        34754.895693125007     
         168   530570.40000000002        62254.158621251590        227616.50000000000        34448.273298526881     
         169   544406.40000000002        60741.928074765543        219669.89999999999        34060.309462628233     
         170   557782.59999999998        59195.789580341261        211983.89999999999        33624.379293750528     
         171   570721.00000000000        57616.559630022821        204519.70000000001        33201.434445065759     
         172   583299.19999999995        56031.070273197729        197151.20000000001        32725.001933689746     
         173   595483.69999999995        54442.362682106606        189908.70000000001        32294.597535965586     
         174   607278.80000000005        52814.474841277639        182892.70000000001        31782.366079478677     
         175   618655.69999999995        51238.642370871523        176041.60000000001        31271.486543495168     
         176   629677.30000000005        49706.178795095213        169368.00000000000        30814.844289725017     
         177   640320.00000000000        48054.752289445583        162894.00000000000        30186.020241164617     
         178   650540.00000000000        46538.857691181161        156596.79999999999        29630.449547045362     
         179   660445.90000000002        45072.026141387621        150515.39999999999        29066.017602003918     
         180   669991.50000000000        43616.697936111297        144600.39999999999        28467.832141559360     
         181   679235.90000000002        42193.278844976499        138861.89999999999        27814.588695323266     
         182   688109.30000000005        40812.784987182305        133392.70000000001        27191.196814594154     
         183   696744.80000000005        39440.810708706093        128049.50000000000        26484.803904314645     
         184   705059.90000000002        38072.325758876388        122888.70000000000        25738.792330060878     
         185   713024.40000000002        36770.987496121743        117999.30000000000        24990.908819208649     
         186   720732.30000000005        35437.137212392547        113340.60000000001        24150.971244237757     
         187   728178.09999999998        34146.139203283150        108874.30000000000        23273.655561814972     
         188   735271.90000000002        32879.785834003378        104754.70000000000        22401.146189648436     
         189   742152.00000000000        31598.639435898996        100770.39999999999        21425.424164762790     
         190   748739.00000000000        30302.010867267134        97108.000000000000        20431.996060101421     
         191   755097.69999999995        29068.581516992435        93650.300000000003        19441.848075993203     
         192   761142.40000000002        27840.606721837343        90513.000000000000        18426.335631372836     
         193   766889.59999999998        26639.725723815864        87704.000000000000        17393.903282472271     
         194   772482.90000000002        25408.208939041535        85067.100000000006        16349.080716969960     
         195   777839.69999999995        24233.633112062635        82705.000000000000        15350.441641855141     
         196   782910.50000000000        23064.698030756874        80665.600000000006        14373.719401741484     
         197   787768.80000000005        21965.477335126059        78877.899999999994        13498.829426657754     
         198   792415.50000000000        20934.979389768905        77330.500000000000        12734.703932561604     
         199   796879.30000000005        19923.306267029660        75999.899999999994        12020.918695757031     
         200   801112.69999999995        18966.558897439307        74928.300000000003        11396.487125864684     
         201   805152.59999999998        18148.810199018961        74115.500000000000        10939.649530492299     
         202   809057.90000000002        17367.044777103471        73411.899999999994        10585.734877182656     
         203   812769.19999999995        16690.297988954033        72967.000000000000        10343.641235077714     
         204   816375.69999999995        16125.384901145244        72614.800000000003        10143.703552450665     
         205   819817.40000000002        15615.032444410426        72423.899999999994        10062.256679791106     
         206   823149.09999999998        15219.859509539248        72334.100000000006        10025.240719803180     
         207   826376.59999999998        14950.533269420161        72338.199999999997        10016.490031942349     
         208   829491.80000000005        14730.148524707296        72407.500000000000        9964.7903364797294     
         209   832553.19999999995        14612.410737458096        72527.399999999994        9908.9627327990565     
         210   835575.40000000002        14626.848527279068        72603.000000000000        9743.0182592459605     
         211   838536.00000000000        14697.977575164850        72739.000000000000        9623.5411569754106     
         212   841469.69999999995        14887.027420208313        72838.699999999997        9387.1137102945777     
         213   844373.09999999998        15114.976317876446        72890.600000000006        9113.6874447173795     
         214   847293.50000000000        15417.790303735992        72859.699999999997        8781.5594292814058     
         215   850196.00000000000        15779.481138491215        72768.500000000000        8438.8467606657978     
         216   853122.09999999998        16176.654786762556        72538.100000000006        8050.5570297961231     
         217   856060.09999999998        16597.632918280553        72185.000000000000        7668.8903890980337     
         218   859042.40000000002        17076.106454341829        71681.899999999994        7391.9958394199384     
         219   862062.90000000002        17547.850246965208        71070.300000000003        7154.5832450255166     
         220   865110.30000000005        18049.290379678670        70303.800000000003        7011.8980283514593     
         221   868192.50000000000        18536.671622758375        69349.800000000003        7000.8110215888582     
         222   871319.09999999998        19024.610484582539        68249.100000000006        7176.6794334148426     
         223   874453.40000000002        19503.397771667700        67015.800000000003        7470.7920303003657     
         224   877658.09999999998        19992.519453284665        65621.800000000003        7938.5710653743890     
         225   880858.69999999995        20442.399277239525        64132.500000000000        8525.3169237278271     
         226   884102.69999999995        20852.233784658627        62460.199999999997        9201.3621361187779     
         227   887348.50000000000        21213.652548534661        60690.000000000000        9922.6838506525128     
         228   890597.19999999995        21542.914059152587        58802.099999999999        10682.138853712782     
         229   893862.40000000002        21825.177076943532        56787.000000000000        11444.752605451977     
         230   897104.69999999995        22074.249758712846        54721.699999999997        12215.599838321503     
         231   900303.00000000000        22257.689089390562        52609.199999999997        12973.516977288780     
         232   903484.30000000005        22370.188466123564        50430.599999999999        13665.589253303362     
         233   906623.80000000005        22419.008433914114        48184.900000000001        14277.618137840764     
         234   909738.59999999998        22414.242798720421        45907.000000000000        14874.155001209312     
         235   912795.19999999995        22341.193051403567        43615.400000000001        15362.718191778433     
         236   915792.19999999995        22222.103661895610        41312.400000000001        15811.413625606019     
         237   918713.19999999995        21995.905595362128        39017.800000000003        16108.148272225450     
         238   921566.50000000000        21730.337140734839        36717.699999999997        16350.443401021281     
         239   924328.69999999995        21401.296479653043        34470.199999999997        16520.957785794391     
         240   926961.30000000005        20980.563472175512        32295.400000000001        16565.862574583913     
         241   929477.69999999995        20555.188673666660        30190.099999999999        16581.162869051135     
         242   931915.19999999995        20025.975950253505        28121.099999999999        16455.088838714910     
         243   934274.90000000002        19457.925976065359        26087.299999999999        16253.645136091782     
         244   936487.00000000000        18838.146888692401        24167.700000000001        15985.290157203903     
         245   938556.00000000000        18190.472770106211        22360.700000000001        15660.682303463027     
         246   940519.80000000005        17525.584046185511        20631.200000000001        15302.949132765225     
         247   942377.40000000002        16795.597537450540        18977.200000000001        14835.328724366036     
         248   944135.59999999998        16023.945102252899        17403.599999999999        14294.226276367674     
         249   945773.40000000002        15249.089534785104        15925.500000000000        13729.488266137234     
         250   947299.69999999995        14430.887110987273        14535.700000000001        13098.352698335771     
         251   948715.50000000000        13611.611515542487        13245.100000000000        12438.909634288688     
         252   950015.80000000005        12799.655696925556        12053.299999999999        11772.763805071434     
         253   951232.80000000005        11998.700019581793        10928.299999999999        11097.744582121180     
         254   952360.00000000000        11190.869698105487        9880.7999999999993        10402.004968274146     
         255   953405.50000000000        10399.193769232730        8907.2999999999993        9718.6766594017317     
         256   954366.00000000000        9609.4029158956801        8007.6000000000004        9019.9797804651425     
         257   955229.50000000000        8862.8023587364514        7197.1000000000004        8354.9309685957323     
         258   956022.40000000002        8137.1023122509077        6454.3000000000002        7704.3420361507833     
         259   956759.09999999998        7417.3511909618701        5756.5000000000000        7043.0169565321930     
         260   957410.90000000002        6790.9119777825299        5139.3999999999996        6468.0409429749279     
         261   958003.80000000005        6175.7953949177827        4578.6999999999998        5901.6682395742992     
         262   958536.69999999995        5577.1801665454041        4073.0999999999999        5346.8592547401131     
         263   959024.59999999998        5019.7392402433679        3608.0000000000000        4823.9117114640485     
         264   959463.50000000000        4496.2586725019310        3190.6999999999998        4336.3724482567222     
         265   959847.59999999998        4027.5889114880388        2826.0000000000000        3895.6279339793218     
         266   960199.19999999995        3590.1490999760153        2488.8000000000002        3482.1277058717992     
         267   960507.90000000002        3192.2266351270628        2194.0999999999999        3104.7010306952266     
         268   960786.09999999998        2827.1928993373404        1928.5999999999999        2758.3635800959960     
         269   961037.50000000000        2482.3965134424379        1688.5999999999999        2430.2303676812207     
         270   961250.40000000002        2184.6638734574785        1485.4000000000001        2145.8840695620070     
         271   961444.30000000005        1925.7486881438333        1299.4000000000001        1896.6482647027624     
         272   961619.00000000000        1680.6917623552595        1130.7000000000000        1660.8819374055458     
         273   961768.69999999995        1479.1791000614476        986.79999999999995        1465.9172418659930     
         274   961898.69999999995        1300.4609990532565        862.20000000000005        1293.8892379179913     
         275   962016.09999999998        1140.4915124693600        750.50000000000000        1137.4835603207634     
         276   962115.80000000005        994.78136283249057        654.20000000000005        996.25476661343998     
         277   962202.90000000002        878.96535197117998        571.00000000000000        884.19828093024478     
         278   962277.19999999995        767.87587537658169        499.60000000000002        776.72417240613800     
         279   962344.59999999998        664.49126415380272        434.69999999999999        675.96968127276239     
         280   962398.80000000005        579.70678792035676        382.10000000000002        590.36860519509332     
         281   962452.69999999995        503.25879031983106        329.60000000000002        513.25163419126102     
         282   962494.80000000005        441.01333314284915        289.10000000000002        450.08298123790462     
         283   962533.09999999998        388.33476539533314        252.19999999999999        395.11360391664573     
         284   962567.50000000000        342.76529878158340        219.40000000000001        346.09166415850007     
         285   962595.19999999995        302.40066143145202        192.40000000000001        299.62116080143602     
         286   962620.90000000002        266.90014975905547        167.69999999999999        258.90772487509912     
         287   962643.50000000000        236.94102652100611        146.00000000000000        223.92409428196868     
         288   962664.00000000000        214.00233643584360        126.40000000000001        192.55814706212772     
         289   962681.19999999995        195.87690014334419        109.59999999999999        166.32269839080897     
         290   962695.19999999995        184.23289644315952        96.000000000000000        146.44248017566488     
         291   962708.69999999995        174.02186675076749        83.099999999999994        128.08547927068079     
         292   962719.90000000002        166.95116034758863        72.200000000000003        109.12451603558203     
         293   962731.00000000000        160.76753388408952        61.399999999999999        93.731744889338316     
         294   962740.19999999995        157.84283356371259        52.399999999999999        81.188915499592667     
         295   962746.90000000002        155.83096623926357        46.200000000000003        69.397118095782616     
         296   962752.59999999998        154.28363471673285        41.000000000000000        62.120849961989414     
         297   962758.30000000005        153.51550373722947        35.500000000000000        54.057839394485605     
         298   962763.59999999998        153.69658426474038        30.199999999999999        49.650377642068342     
         299   962768.69999999995        155.05486129033693        25.100000000000001        42.636721262310964     
         300   962771.90000000002        154.94286056176483        22.100000000000001        36.865837844812368     
         301   962775.09999999998        155.14602811242864        19.000000000000000        30.909545451203257     
         302   962777.90000000002        155.78924839985649        16.199999999999999        25.883585532147588     
         303   962780.00000000000        156.41994742094715        14.199999999999999        22.346364357541475     
         304   962781.69999999995        157.06880692047633        12.500000000000000        19.053870997778901     
         305   962783.09999999998        157.35021438123405        11.199999999999999        16.557777628655362     
         306   962784.59999999998        157.93998872692913        9.8000000000000007        14.434680460612904     
         307   962786.09999999998        158.19952619363505        8.5999999999999996        13.116401945655676     
         308   866518.30000000005        288839.47487836541        7.9000000000000004        12.895347998406246     
         309   770249.80000000005        385124.92937923403        6.7999999999999998        11.513470371699404     
         310   770250.40000000002        385125.22931669903        6.2000000000000002        10.916043239196151     
         311   770251.80000000005        385125.92943186761        4.7999999999999998        8.0224684480526331     
         312   673976.09999999998        441220.95331646479        4.0999999999999996        6.2841069373459897     
         313   673976.40000000002        441221.14977484924        3.8999999999999999        5.9908263203000640     
         314   673976.90000000002        441221.47724843357        3.3999999999999999        4.9030602688525056     
         315   673977.40000000002        441221.80453128106        3.1000000000000001        4.5705579528105753     
         316   577697.80000000005        471688.30235141510        2.7999999999999998        4.1665333311999317     
         317   577698.00000000000        471688.46562620124        2.6000000000000001        3.8522720568516444     
         318   577698.59999999998        471688.95553239319        2.0000000000000000        3.2249030993194201     
         319   481432.00000000000        481432.01994632633        1.8000000000000000        3.2802438933713449     
         320   385166.59999999998        471730.83271950757        1.3999999999999999        2.4166091947189146     
         321   385166.70000000001        471730.95519311639        1.3000000000000000        2.1470910553583886     
         322   385166.70000000001        471730.95519311639        1.3000000000000000        2.1470910553583886     
         323   385166.79999999999        471731.07766688429        1.2000000000000000        1.8867962264113207     
         324   385167.00000000000        471731.32255638909        1.0000000000000000        1.5491933384829668     
         325   385167.00000000000        471731.32255638909        1.0000000000000000        1.5491933384829668     
         326   385167.00000000000        471731.32255638909        1.0000000000000000        1.5491933384829668     
         327   385167.09999999998        471731.44497212610       0.90000000000000002        1.5132745950421556     
         328   385167.09999999998        471731.44497212610       0.90000000000000002        1.5132745950421556     
         329   385167.29999999999        471731.68997260515       0.69999999999999996        1.2688577540449522     
         330   288851.00000000000        441227.19727324153       0.59999999999999998        1.2000000000000000     
         331   288851.20000000001        441227.50281454582       0.40000000000000002       0.66332495807107994     
         332   288851.29999999999        441227.65558542451       0.29999999999999999       0.45825756949558399     
         333   288851.29999999999        441227.65558542451       0.29999999999999999       0.45825756949558399     
         334   288851.29999999999        441227.65558542451       0.29999999999999999       0.45825756949558399     
         335   288851.29999999999        441227.65558542451       0.29999999999999999       0.45825756949558399     
         336   288851.29999999999        441227.65558542451       0.29999999999999999       0.45825756949558399     
         337   288851.40000000002        441227.80835645430       0.20000000000000001       0.40000000000000002     
         338   192559.50000000000        385119.00635965762       0.10000000000000001       0.29999999999999999     
         339   96264.100000000006        288792.29999999999       0.10000000000000001       0.29999999999999999     
         340   96264.199999999997        288792.59999999998        0.0000000000000000        0.0000000000000000     
