 #time susceptible exposed infected recover
           1     1095425           1           0           0
           2     1095425           1           0           0
           3     1095425           1           0           0
           4     1095425           1           0           0
           5     1095425           1           0           0
           6     1095425           0           1           0
           7     1095425           0           1           0
           8     1095425           0           1           0
           9     1095425           0           1           0
          10     1095425           0           1           0
          11     1095424           1           1           0
          12     1095424           1           1           0
          13     1095424           1           1           0
          14     1095423           2           1           0
          15     1095423           2           1           0
          16     1095422           2           2           0
          17     1095422           2           2           0
          18     1095422           2           1           1
          19     1095421           2           2           1
          20     1095421           2           2           1
          21     1095421           2           2           1
          22     1095421           1           3           1
          23     1095421           1           3           1
          24     1095419           2           4           1
          25     1095417           4           4           1
          26     1095414           7           4           1
          27     1095414           7           4           1
          28     1095414           7           4           1
          29     1095413           7           4           2
          30     1095413           4           7           2
          31     1095412           2           9           3
          32     1095412           2           9           3
          33     1095410           4           8           4
          34     1095410           3           9           4
          35     1095409           4           9           4
          36     1095407           5           9           5
          37     1095406           6           9           5
          38     1095404           7          10           5
          39     1095401           9          11           5
          40     1095399          11          11           5
          41     1095398          10          11           7
          42     1095396          11          12           7
          43     1095396           9          10          11
          44     1095394          10          10          12
          45     1095391          11          12          12
          46     1095388          10          15          13
          47     1095385          12          16          13
          48     1095384          12          16          14
          49     1095381          14          17          14
          50     1095375          16          20          15
          51     1095371          19          20          16
          52     1095365          21          24          16
          53     1095359          25          24          18
          54     1095356          25          25          20
          55     1095350          30          24          22
          56     1095344          29          30          23
          57     1095340          28          33          25
          58     1095330          33          35          28
          59     1095324          34          39          29
          60     1095321          29          46          30
          61     1095315          32          49          30
          62     1095299          41          51          35
          63     1095284          53          52          37
          64     1095274          55          57          40
          65     1095259          62          63          42
          66     1095247          72          63          44
          67     1095225          85          69          47
          68     1095212          81          81          52
          69     1095192          87          91          56
          70     1095178          86         101          61
          71     1095162          93         103          68
          72     1095137          94         122          73
          73     1095107         113         130          76
          74     1095082         120         142          82
          75     1095046         142         150          88
          76     1095005         164         162          95
          77     1094961         190         172         103
          78     1094932         191         194         109
          79     1094891         203         216         116
          80     1094852         212         225         137
          81     1094808         216         255         147
          82     1094753         230         283         160
          83     1094695         256         304         171
          84     1094630         280         322         194
          85     1094558         316         348         204
          86     1094498         333         372         223
          87     1094434         347         402         243
          88     1094361         364         446         255
          89     1094279         384         488         275
          90     1094162         435         531         298
          91     1094058         475         561         332
          92     1093936         528         605         357
          93     1093810         585         626         405
          94     1093684         632         663         447
          95     1093558         667         722         479
          96     1093401         711         792         522
          97     1093225         779         870         552
          98     1093042         821         963         600
          99     1092827         915        1040         644
         100     1092608        1012        1105         701
         101     1092374        1096        1185         771
         102     1092151        1172        1266         837
         103     1091895        1224        1400         907
         104     1091600        1330        1546         950
         105     1091298        1420        1683        1025
         106     1090948        1541        1828        1109
         107     1090612        1660        1951        1203
         108     1090243        1789        2080        1314
         109     1089810        1933        2257        1426
         110     1089344        2108        2426        1548
         111     1088845        2286        2631        1664
         112     1088270        2515        2843        1798
         113     1087685        2749        3056        1936
         114     1087027        3017        3273        2109
         115     1086398        3190        3553        2285
         116     1085696        3396        3845        2489
         117     1084943        3616        4143        2724
         118     1084137        3814        4546        2929
         119     1083227        4127        4913        3159
         120     1082231        4489        5307        3399
         121     1081142        4907        5696        3681
         122     1080035        5280        6136        3975
         123     1078783        5767        6562        4314
         124     1077539        6153        7088        4646
         125     1076070        6672        7710        4974
         126     1074553        7126        8340        5407
         127     1072938        7663        9010        5815
         128     1071142        8264        9681        6339
         129     1069194        8947       10427        6858
         130     1067149        9619       11205        7453
         131     1064969       10342       12014        8101
         132     1062601       11157       12951        8717
         133     1060038       11998       14030        9360
         134     1057213       12947       15147       10119
         135     1054254       13938       16345       10889
         136     1051101       15007       17574       11744
         137     1047795       15963       18982       12686
         138     1044166       17144       20382       13734
         139     1040246       18345       21999       14836
         140     1036187       19500       23734       16005
         141     1031760       20929       25466       17271
         142     1027094       22365       27327       18640
         143     1022174       23791       29360       20101
         144     1016832       25340       31607       21647
         145     1011262       26952       33844       23368
         146     1005383       28579       36175       25289
         147      999091       30366       38701       27268
         148      992361       32261       41414       29390
         149      985310       34143       44354       31619
         150      977872       36244       47244       34066
         151      969949       38405       50248       36824
         152      961632       40635       53488       39671
         153      952875       42831       56991       42729
         154      943741       45117       60622       45946
         155      934161       47381       64404       49480
         156      924148       49753       68357       53168
         157      913787       52044       72469       57126
         158      903193       54120       76693       61420
         159      892176       56177       81064       66009
         160      880709       58142       85791       70784
         161      869100       60021       90395       75910
         162      857261       61651       95162       81352
         163      844966       63445       99893       87122
         164      832423       65289      104492       93222
         165      819531       66934      109287       99674
         166      806479       68473      113876      106598
         167      793271       69918      118345      113892
         168      779923       71196      122819      121488
         169      766563       72126      127120      129617
         170      753244       72877      131167      138138
         171      739788       73262      135284      147092
         172      726530       73276      139136      156484
         173      713368       73251      142431      166376
         174      700144       73009      145809      176464
         175      687055       72898      148536      186937
         176      674126       72362      151257      197681
         177      661359       71901      153212      208954
         178      649154       70881      154846      220545
         179      637050       69718      156404      232254
         180      625233       68337      157477      244379
         181      613349       67342      157880      256855
         182      601974       65782      158192      269478
         183      590880       64354      157744      282448
         184      579935       63186      156723      295582
         185      569581       61492      155573      308780
         186      559286       60130      153782      322228
         187      549439       58225      152393      335369
         188      539912       56490      150092      348932
         189      530658       54747      147823      362198
         190      521644       53093      145244      375445
         191      513044       51374      142336      388672
         192      504741       49673      139092      401920
         193      496747       47937      135837      414905
         194      489476       45850      132414      427686
         195      481894       44235      129189      440108
         196      474847       42477      125836      452266
         197      468066       40826      122201      464333
         198      461327       39385      118555      476159
         199      454877       38275      114434      487840
         200      448738       36925      110760      499003
         201      442821       35651      107011      509943
         202      437211       34318      103273      520624
         203      431889       32816       99800      530921
         204      426761       31320       96268      541077
         205      421774       30021       92753      550878
         206      416922       28846       89544      560114
         207      412322       27694       86095      569315
         208      407997       26556       82694      578179
         209      403791       25494       79556      586585
         210      399778       24490       76588      594570
         211      395845       23502       73836      602243
         212      392161       22463       71012      609790
         213      388517       21601       68325      616983
         214      385105       20753       65641      623927
         215      381758       20025       62960      630683
         216      378571       19246       60297      637312
         217      375398       18584       57829      643615
         218      372474       17853       55511      649588
         219      369535       17342       53114      655435
         220      366745       16702       51047      660932
         221      363903       16284       49144      666095
         222      361172       15781       47294      671179
         223      358622       15315       45449      676040
         224      356032       14978       43596      680820
         225      353553       14541       42063      685269
         226      351081       14221       40605      689519
         227      348690       13881       39205      693650
         228      346364       13546       37860      697656
         229      344057       13250       36706      701413
         230      341747       13057       35518      705104
         231      339469       12833       34560      708564
         232      337131       12729       33570      711996
         233      334759       12729       32703      715235
         234      332438       12742       31832      718414
         235      330140       12797       30991      721498
         236      327802       12797       30392      724435
         237      325416       12859       29888      727263
         238      322946       13018       29350      730112
         239      320490       13137       28931      732868
         240      318013       13259       28610      735544
         241      315534       13426       28294      738172
         242      313023       13608       28186      740609
         243      310529       13674       28156      743067
         244      307957       13831       28130      745508
         245      305331       13938       28232      747925
         246      302633       14122       28496      750175
         247      299827       14480       28602      752517
         248      297182       14588       28862      754794
         249      294503       14714       29091      757118
         250      291801       14832       29302      759491
         251      289096       14923       29530      761877
         252      286335       14911       30050      764130
         253      283744       14819       30442      766421
         254      281024       14794       30737      768871
         255      278316       14794       31081      771235
         256      275714       14688       31324      773700
         257      273183       14568       31561      776114
         258      270708       14401       31656      778661
         259      268207       14177       31901      781141
         260      265771       13845       32164      783646
         261      263362       13613       32262      786189
         262      261034       13408       32169      788815
         263      258910       13042       32004      791470
         264      256822       12614       31745      794245
         265      254822       12186       31500      796918
         266      252845       11708       31272      799601
         267      251004       11172       30923      802327
         268      249183       10761       30501      804981
         269      247468       10348       29842      807768
         270      245868        9932       29253      810373
         271      244308        9502       28564      813052
         272      242920        9019       27744      815743
         273      241647        8444       26909      818426
         274      240429        7916       26121      820960
         275      239229        7422       25314      823461
         276      238224        6864       24395      825943
         277      237220        6363       23373      828470
         278      236192        6077       22289      830868
         279      235281        5755       21179      833211
         280      234493        5358       20143      835432
         281      233787        4970       19099      837570
         282      233086        4651       18087      839602
         283      232413        4297       17128      841588
         284      231797        3965       16177      843487
         285      231259        3640       15193      845334
         286      230761        3395       14176      847094
         287      230335        3100       13238      848753
         288      229948        2815       12320      850343
         289      229581        2492       11512      851841
         290      229225        2311       10784      853106
         291      228900        2117       10035      854374
         292      228619        1949        9276      855582
         293      228351        1793        8583      856699
         294      228119        1649        7925      857733
         295      227877        1529        7315      858705
         296      227683        1379        6694      859670
         297      227515        1238        6147      860526
         298      227355        1115        5686      861270
         299      227198        1033        5195      862000
         300      227056         934        4767      862669
         301      226934         854        4313      863325
         302      226822         776        3928      863900
         303      226726         712        3567      864421
         304      226641         634        3285      864866
         305      226570         558        3025      865273
         306      226481         516        2769      865660
         307      226426         467        2508      866025
         308      226350         423        2303      866350
         309      226297         390        2073      866666
         310      226245         360        1901      866920
         311      226187         334        1728      867177
         312      226158         293        1565      867410
         313      226114         277        1377      867658
         314      226085         241        1283      867817
         315      226055         218        1168      867985
         316      226029         182        1065      868150
         317      226006         172         939      868309
         318      225992         144         858      868432
         319      225967         133         777      868549
         320      225943         124         719      868640
         321      225929         113         650      868734
         322      225921          98         582      868825
         323      225912          88         521      868905
         324      225893          90         469      868974
         325      225883          77         427      869039
         326      225874          66         393      869093
         327      225863          65         346      869152
         328      225851          63         310      869202
         329      225844          56         275      869251
         330      225835          52         250      869289
         331      225827          50         225      869324
         332      225821          46         203      869356
         333      225815          43         185      869383
         334      225808          41         169      869408
         335      225802          34         162      869428
         336      225801          30         147      869448
         337      225798          28         131      869469
         338      225794          24         122      869486
         339      225788          23         116      869499
         340      225785          20         112      869509
         341      225782          21          97      869526
         342      225778          23          87      869538
         343      225778          17          81      869550
         344      225774          16          76      869560
         345      225772          14          71      869569
         346      225768          16          65      869577
         347      225765          15          59      869587
         348      225764          14          51      869597
         349      225762          14          48      869602
         350      225762          11          46      869607
         351      225761          10          40      869615
         352      225760           5          40      869621
         353      225760           4          37      869625
         354      225758           4          37      869627
         355      225756           6          33      869631
         356      225756           6          27      869637
         357      225755           5          26      869640
         358      225754           6          23      869643
         359      225754           5          20      869647
         360      225753           5          20      869648
         361      225750           6          21      869649
         362      225749           6          19      869652
         363      225749           5          17      869655
         364      225749           5          14      869658
         365      225748           5          12      869661
         366      225748           4          11      869663
         367      225748           2          13      869663
         368      225748           1          12      869665
         369      225748           1          12      869665
         370      225748           1          11      869666
         371      225748           0          11      869667
         372      225748           0           9      869669
         373      225748           0           8      869670
         374      225748           0           7      869671
         375      225748           0           6      869672
         376      225748           0           6      869672
         377      225747           1           5      869673
         378      225747           1           4      869674
         379      225747           1           1      869677
         380      225747           1           1      869677
         381      225747           1           1      869677
         382      225747           0           1      869678
         383      225747           0           1      869678
         384      225747           0           1      869678
         385      225747           0           1      869678
         386      225747           0           1      869678
         387      225747           0           1      869678
         388      225747           0           1      869678
         389      225747           0           1      869678
         390      225747           0           1      869678
         391      225747           0           1      869678
         392      225747           0           1      869678
         393      225747           0           1      869678
         394      225747           0           0      869679
           1     1095425           1           0           0
           2     1095425           1           0           0
           3     1095425           1           0           0
           4     1095425           1           0           0
           5     1095425           1           0           0
           6     1095425           0           1           0
           7     1095424           1           1           0
           8     1095424           1           1           0
           9     1095424           1           1           0
          10     1095424           1           1           0
          11     1095424           1           1           0
          12     1095424           1           1           0
          13     1095423           1           2           0
          14     1095423           1           2           0
          15     1095422           2           2           0
          16     1095422           2           2           0
          17     1095422           2           2           0
          18     1095422           2           1           1
          19     1095421           2           2           1
          20     1095421           2           2           1
          21     1095420           2           3           1
          22     1095420           2           3           1
          23     1095419           3           3           1
          24     1095418           3           4           1
          25     1095418           3           3           2
          26     1095417           4           3           2
          27     1095417           4           3           2
          28     1095416           5           3           2
          29     1095415           4           5           2
          30     1095411           7           5           3
          31     1095410           8           5           3
          32     1095408           9           5           4
          33     1095408           9           5           4
          34     1095406           9           7           4
          35     1095404          10           8           4
          36     1095402           8          11           5
          37     1095398          11          12           5
          38     1095396          12          13           5
          39     1095395          13          13           5
          40     1095392          13          14           7
          41     1095392          11          16           7
          42     1095388          11          19           8
          43     1095385          12          21           8
          44     1095380          15          22           9
          45     1095377          15          25           9
          46     1095372          20          23          11
          47     1095365          25          24          12
          48     1095361          26          24          15
          49     1095353          28          29          16
          50     1095346          32          30          18
          51     1095337          36          34          19
          52     1095328          40          36          22
          53     1095319          44          39          24
          54     1095312          43          45          26
          55     1095303          49          46          28
          56     1095292          48          55          31
          57     1095281          52          62          31
          58     1095261          62          69          34
          59     1095246          70          73          37
          60     1095226          82          79          39
          61     1095199          97          88          42
          62     1095180         105          93          48
          63     1095166         104         106          50
          64     1095149         101         120          56
          65     1095126         110         128          62
          66     1095093         123         140          70
          67     1095057         133         159          77
          68     1095021         154         168          83
          69     1094982         178         177          89
          70     1094950         185         190         101
          71     1094920         190         207         109
          72     1094874         199         236         117
          73     1094820         222         257         127
          74     1094768         231         286         141
          75     1094715         250         306         155
          76     1094664         275         314         173
          77     1094585         308         341         192
          78     1094528         317         369         212
          79     1094453         340         397         236
          80     1094364         383         430         249
          81     1094284         404         465         273
          82     1094191         438         506         291
          83     1094090         463         555         318
          84     1093979         499         594         354
          85     1093851         559         632         384
          86     1093752         572         678         424
          87     1093608         629         724         465
          88     1093456         676         802         492
          89     1093275         755         862         534
          90     1093084         836         927         579
          91     1092894         913         986         633
          92     1092668        1009        1069         680
          93     1092463        1073        1153         737
          94     1092238        1118        1264         806
          95     1091961        1218        1382         865
          96     1091640        1348        1503         935
          97     1091324        1447        1637        1018
          98     1090988        1586        1745        1107
          99     1090620        1727        1887        1192
         100     1090235        1855        2045        1291
         101     1089783        2012        2233        1398
         102     1089309        2165        2445        1507
         103     1088823        2320        2664        1619
         104     1088287        2509        2884        1746
         105     1087690        2747        3092        1897
         106     1087017        3000        3348        2061
         107     1086334        3210        3635        2247
         108     1085656        3414        3918        2438
         109     1084866        3695        4203        2662
         110     1084038        3936        4602        2850
         111     1083098        4242        5007        3079
         112     1082122        4533        5436        3335
         113     1081025        4953        5810        3638
         114     1079858        5397        6224        3947
         115     1078679        5778        6688        4281
         116     1077384        6196        7239        4607
         117     1075897        6688        7838        5003
         118     1074359        7210        8432        5425
         119     1072668        7795        9083        5880
         120     1070878        8390        9802        6356
         121     1068931        9116       10516        6863
         122     1066849        9765       11378        7434
         123     1064625       10515       12203        8083
         124     1062235       11305       13093        8793
         125     1059612       12181       14187        9446
         126     1056841       13066       15357       10162
         127     1053921       13969       16550       10986
         128     1050806       14974       17802       11844
         129     1047428       15975       19197       12826
         130     1043712       17196       20664       13854
         131     1039724       18504       22213       14985
         132     1035576       19769       23912       16169
         133     1031197       21212       25646       17371
         134     1026451       22655       27500       18820
         135     1021628       23946       29520       20332
         136     1016278       25406       31820       21922
         137     1010643       26991       34141       23651
         138     1004805       28620       36481       25520
         139      998561       30241       39082       27542
         140      991981       32040       41774       29631
         141      984894       34041       44519       31972
         142      977443       35990       47502       34491
         143      969816       37832       50616       37162
         144      961636       40065       53632       40093
         145      953353       41882       57099       43092
         146      944504       43921       60660       46341
         147      935374       45805       64375       49872
         148      925834       47734       68137       53721
         149      915939       49668       72065       57754
         150      905689       51685       75994       62058
         151      895173       53796       79883       66574
         152      884346       55574       84149       71357
         153      873096       57517       88310       76503
         154      861686       59159       92672       81909
         155      850076       60775       96825       87750
         156      838226       62096      101362       93742
         157      826184       63613      105473      100156
         158      814070       64667      109721      106968
         159      801817       65579      113819      114211
         160      789581       66404      117620      121821
         161      777097       67050      121510      129769
         162      764636       67544      125274      137972
         163      752095       68028      128894      146409
         164      739647       68312      132030      155437
         165      727177       68457      135038      164754
         166      715004       68249      137636      174537
         167      703065       67838      139974      184549
         168      690973       67420      142038      194995
         169      679009       66939      143820      205658
         170      667317       66083      145335      216691
         171      655747       65306      146350      228023
         172      644479       64618      146760      239569
         173      633496       63484      147091      251355
         174      622714       62148      147385      263179
         175      612201       61008      146971      275246
         176      601995       59486      146549      287396
         177      591997       58091      145577      299761
         178      582329       56673      144256      312168
         179      572789       55235      142845      324557
         180      563628       53817      140933      337048
         181      554593       52486      138744      349603
         182      545810       51192      136327      362097
         183      537249       49961      133824      374392
         184      529031       48525      131460      386410
         185      521027       47253      128751      398395
         186      513270       45729      125972      410455
         187      505850       44406      122990      422180
         188      498612       42848      120072      433894
         189      491507       41614      117000      445305
         190      484432       40557      113997      456440
         191      477895       39210      110971      467350
         192      471529       38101      107842      477954
         193      465226       36951      105019      488230
         194      459081       35945      102031      498369
         195      453268       34751       99163      508244
         196      447473       33733       96305      517915
         197      441781       32968       93403      527274
         198      436307       32134       90717      536268
         199      430934       31232       88112      545148
         200      425891       30299       85426      553810
         201      420972       29458       82744      562252
         202      416212       28393       80347      570474
         203      411595       27453       78106      578272
         204      407040       26582       75879      585925
         205      402661       25748       73785      593232
         206      398558       24924       71585      600359
         207      394363       24240       69362      607461
         208      390373       23519       67319      614215
         209      386535       22786       65312      620793
         210      382736       22148       63513      627029
         211      379047       21595       61479      633305
         212      375444       21014       59671      639297
         213      372008       20396       57943      645079
         214      368607       19826       56211      650782
         215      365406       19218       54387      656415
         216      362310       18492       52784      661840
         217      359224       17979       51208      667015
         218      356221       17508       49679      672018
         219      353260       16989       48304      676873
         220      350374       16616       46906      681530
         221      347524       16383       45399      686120
         222      344727       16031       44051      690617
         223      341943       15845       42792      694846
         224      339144       15587       41727      698968
         225      336530       15295       40508      703093
         226      333746       15207       39528      706945
         227      331115       15072       38451      710788
         228      328422       14921       37559      714524
         229      325747       14776       36734      718169
         230      323091       14728       35922      721685
         231      320365       14730       35178      725153
         232      317725       14680       34637      728384
         233      315052       14730       34076      731568
         234      312336       14747       33642      734701
         235      309725       14706       33326      737669
         236      307044       14737       32969      740676
         237      304273       14779       32780      743594
         238      301542       14850       32595      746439
         239      298848       14847       32423      749308
         240      296131       14921       32244      752130
         241      293489       14905       32174      754858
         242      290873       14753       32189      757611
         243      288213       14625       32268      760320
         244      285620       14574       32276      762956
         245      283035       14395       32365      765631
         246      280487       14288       32329      768322
         247      277985       14209       32212      771020
         248      275487       14037       32188      773714
         249      273078       13883       32139      776326
         250      270670       13677       32033      779046
         251      268420       13329       31892      781785
         252      266230       12940       31870      784386
         253      263971       12678       31756      787021
         254      261806       12459       31405      789756
         255      259742       12128       31006      792550
         256      257787       11783       30656      795200
         257      255851       11500       30139      797936
         258      254031       10993       29787      800615
         259      252352       10547       29343      803184
         260      250697       10038       28802      805889
         261      249084        9664       28135      808543
         262      247618        9168       27561      811079
         263      246217        8713       26878      813618
         264      244870        8316       26040      816200
         265      243558        7932       25198      818738
         266      242320        7548       24425      821133
         267      241176        7186       23481      823583
         268      240171        6732       22677      825846
         269      239174        6340       21848      828064
         270      238238        5969       20895      830324
         271      237318        5637       19963      832508
         272      236461        5259       19058      834648
         273      235731        4928       18122      836645
         274      235036        4639       17160      838591
         275      234387        4305       16247      840487
         276      233784        4003       15426      842213
         277      233234        3633       14638      843921
         278      232733        3346       13791      845556
         279      232256        3134       12968      847068
         280      231806        2887       12224      848509
         281      231419        2675       11450      849882
         282      231061        2463       10690      851212
         283      230734        2271        9940      852481
         284      230426        2084        9209      853707
         285      230117        1918        8636      854755
         286      229865        1760        8031      855770
         287      229603        1642        7479      856702
         288      229363        1541        6898      857624
         289      229147        1445        6319      858515
         290      228944        1308        5832      859342
         291      228785        1203        5397      860041
         292      228652        1082        4976      860716
         293      228530         945        4593      861358
         294      228399         863        4238      861926
         295      228281         757        3953      862435
         296      228189         680        3616      862941
         297      228102         623        3301      863400
         298      228025         567        3006      863828
         299      227947         523        2769      864187
         300      227875         474        2563      864514
         301      227807         428        2346      864845
         302      227744         402        2098      865182
         303      227692         373        1915      865446
         304      227643         340        1740      865703
         305      227600         309        1578      865939
         306      227566         278        1416      866166
         307      227530         242        1269      866385
         308      227504         222        1153      866547
         309      227473         189        1062      866702
         310      227448         179         975      866824
         311      227429         159         872      866966
         312      227410         136         804      867076
         313      227386         128         730      867182
         314      227369         122         657      867278
         315      227353         110         599      867364
         316      227342          96         549      867439
         317      227334          88         492      867512
         318      227314          85         442      867585
         319      227304          70         394      867658
         320      227293          69         358      867706
         321      227287          60         316      867763
         322      227280          59         285      867802
         323      227269          57         261      867839
         324      227266          44         237      867879
         325      227265          34         216      867911
         326      227255          36         203      867932
         327      227250          34         182      867960
         328      227244          33         164      867985
         329      227240          27         151      868008
         330      227239          27         129      868031
         331      227236          23         118      868049
         332      227236          17         107      868066
         333      227234          13         101      868078
         334      227231          12          93      868090
         335      227231           9          83      868103
         336      227227          10          73      868116
         337      227226          10          59      868131
         338      227224          11          55      868136
         339      227224           7          52      868143
         340      227223           8          44      868151
         341      227223           5          40      868158
         342      227223           5          37      868161
         343      227223           2          37      868164
         344      227223           1          28      868174
         345      227222           2          23      868179
         346      227221           2          18      868185
         347      227221           2          17      868186
         348      227219           4          14      868189
         349      227219           4          13      868190
         350      227219           3          13      868191
         351      227219           2          12      868193
         352      227218           3          11      868194
         353      227218           2           9      868197
         354      227218           1           8      868199
         355      227218           1           5      868202
         356      227218           1           5      868202
         357      227218           0           5      868203
         358      227218           0           5      868203
         359      227217           1           5      868203
         360      227217           1           5      868203
         361      227217           1           5      868203
         362      227217           1           4      868204
         363      227217           1           3      868205
         364      227217           1           3      868205
         365      227217           0           4      868205
         366      227217           0           2      868207
         367      227217           0           2      868207
         368      227217           0           2      868207
         369      227217           0           2      868207
         370      227217           0           1      868208
         371      227217           0           1      868208
         372      227217           0           1      868208
         373      227216           1           1      868208
         374      227216           1           1      868208
         375      227216           1           1      868208
         376      227216           1           1      868208
         377      227216           1           0      868209
         378      227216           0           1      868209
         379      227216           0           1      868209
         380      227216           0           1      868209
         381      227216           0           1      868209
         382      227216           0           1      868209
         383      227216           0           1      868209
         384      227216           0           1      868209
         385      227216           0           1      868209
         386      227216           0           1      868209
         387      227216           0           1      868209
         388      227216           0           1      868209
         389      227216           0           1      868209
         390      227216           0           1      868209
         391      227216           0           0      868210
           1     1095425           1           0           0
           2     1095425           1           0           0
           3     1095425           1           0           0
           4     1095425           1           0           0
           5     1095425           1           0           0
           6     1095425           0           1           0
           7     1095425           0           1           0
           8     1095424           1           1           0
           9     1095424           1           1           0
          10     1095424           1           1           0
          11     1095424           1           1           0
          12     1095424           1           1           0
          13     1095424           1           1           0
          14     1095424           1           1           0
          15     1095423           1           2           0
          16     1095423           1           2           0
          17     1095423           1           2           0
          18     1095423           1           1           1
          19     1095423           1           1           1
          20     1095422           1           2           1
          21     1095422           1           2           1
          22     1095422           1           2           1
          23     1095422           1           2           1
          24     1095422           1           2           1
          25     1095421           2           2           1
          26     1095421           1           2           2
          27     1095421           1           2           2
          28     1095421           1           2           2
          29     1095420           2           2           2
          30     1095419           2           3           2
          31     1095419           2           3           2
          32     1095419           2           3           2
          33     1095418           3           2           3
          34     1095417           3           3           3
          35     1095417           2           4           3
          36     1095417           2           4           3
          37     1095416           3           3           4
          38     1095415           3           4           4
          39     1095414           3           5           4
          40     1095413           4           5           4
          41     1095411           6           5           4
          42     1095410           6           5           5
          43     1095410           6           5           5
          44     1095408           7           6           5
          45     1095407           6           8           5
          46     1095405           6           9           6
          47     1095404           6          10           6
          48     1095404           6           9           7
          49     1095402           7          10           7
          50     1095399           8          11           8
          51     1095397           8          12           9
          52     1095392          13          12           9
          53     1095386          19          12           9
          54     1095382          22          12          10
          55     1095380          19          17          10
          56     1095374          24          16          12
          57     1095372          23          19          12
          58     1095370          20          23          13
          59     1095369          16          26          15
          60     1095363          17          30          16
          61     1095360          15          34          17
          62     1095356          16          35          19
          63     1095351          19          35          21
          64     1095345          24          35          22
          65     1095337          32          35          22
          66     1095327          36          40          23
          67     1095311          49          41          25
          68     1095303          51          45          27
          69     1095296          52          46          32
          70     1095284          57          48          37
          71     1095278          56          52          40
          72     1095266          50          65          45
          73     1095242          65          69          50
          74     1095232          69          72          53
          75     1095221          71          79          55
          76     1095201          81          88          56
          77     1095189          84          92          61
          78     1095174          85         102          65
          79     1095164          74         120          68
          80     1095130         103         120          73
          81     1095108         105         134          79
          82     1095071         122         147          86
          83     1095036         146         152          92
          84     1095010         161         147         108
          85     1094981         164         164         117
          86     1094944         175         182         125
          87     1094908         176         206         136
          88     1094870         184         227         145
          89     1094825         195         253         153
          90     1094773         225         260         168
          91     1094720         244         271         191
          92     1094662         262         299         203
          93     1094593         292         327         214
          94     1094517         331         347         231
          95     1094450         350         378         248
          96     1094380         372         421         253
          97     1094301         393         453         279
          98     1094192         433         495         306
          99     1094091         464         536         335
         100     1093995         488         567         376
         101     1093885         527         607         407
         102     1093784         565         648         429
         103     1093634         610         722         460
         104     1093465         670         791         500
         105     1093276         769         843         538
         106     1093097         855         895         579
         107     1092922         910         967         627
         108     1092738         962        1049         677
         109     1092505        1049        1141         731
         110     1092303        1074        1258         791
         111     1092042        1151        1366         867
         112     1091795        1201        1490         940
         113     1091512        1314        1589        1011
         114     1091168        1455        1722        1081
         115     1090805        1596        1841        1184
         116     1090459        1710        1972        1285
         117     1090029        1878        2132        1387
         118     1089639        2004        2293        1490
         119     1089192        2141        2509        1584
         120     1088672        2322        2720        1712
         121     1088139        2483        2950        1854
         122     1087532        2714        3148        2032
         123     1086922        2931        3344        2229
         124     1086252        3182        3584        2408
         125     1085505        3439        3881        2601
         126     1084709        3716        4206        2795
         127     1083856        3987        4574        3009
         128     1082963        4286        4909        3268
         129     1081895        4704        5322        3505
         130     1080824        5061        5753        3788
         131     1079629        5482        6225        4090
         132     1078394        5899        6703        4430
         133     1077022        6379        7224        4801
         134     1075578        6857        7787        5204
         135     1074008        7364        8447        5607
         136     1072274        7966        9161        6025
         137     1070434        8597        9900        6495
         138     1068461        9242       10718        7005
         139     1066370        9931       11534        7591
         140     1064114       10678       12436        8198
         141     1061691       11457       13454        8824
         142     1059118       12234       14525        9549
         143     1056297       13178       15621       10330
         144     1053335       14094       16866       11131
         145     1050165       15094       18140       12027
         146     1046768       16116       19538       13004
         147     1043167       17226       20975       14058
         148     1039204       18490       22527       15205
         149     1034946       19836       24222       16422
         150     1030359       21370       25973       17724
         151     1025609       22878       27798       19141
         152     1020591       24443       29753       20639
         153     1015267       25987       31873       22299
         154     1009556       27531       34295       24044
         155     1003743       28814       36901       25968
         156      997385       30586       39457       27998
         157      990744       32376       42176       30130
         158      983638       34195       45099       32494
         159      976110       36316       48007       34993
         160      968164       38458       51105       37699
         161      959908       40652       54311       40555
         162      951343       42711       57708       43664
         163      942360       44778       61356       46932
         164      932976       46935       65005       50510
         165      923067       49074       69049       54236
         166      912961       51117       72985       58363
         167      902479       53157       76894       62896
         168      891579       55210       81156       67481
         169      880504       57248       85342       72332
         170      869197       58831       89865       77533
         171      857793       60313       94245       83075
         172      845874       61918       98823       88811
         173      833836       63149      103628       94813
         174      821434       64683      107947      101362
         175      809050       65825      112308      108243
         176      796498       67090      116322      115516
         177      783654       68147      120401      123224
         178      771066       68857      124101      131402
         179      758081       69553      127974      139818
         180      745423       69814      131695      148494
         181      732711       70080      134911      157724
         182      720288       69732      137890      167516
         183      707983       69455      140519      177469
         184      695632       68947      143137      187710
         185      683765       68027      145148      198486
         186      672058       67025      146831      209512
         187      660098       66429      148272      220627
         188      648550       65588      149363      231925
         189      637266       64570      149989      243601
         190      626352       63368      150222      255484
         191      615489       62445      149679      267813
         192      605084       60971      149114      280257
         193      594874       59488      148500      292564
         194      585072       57813      147160      305381
         195      575453       56418      145564      317991
         196      566032       54889      143562      330943
         197      556970       53340      141496      343620
         198      548070       51889      139128      356339
         199      539484       50543      136547      368852
         200      531191       49134      133787      381314
         201      523089       47726      131063      393548
         202      515168       46376      128169      405713
         203      507712       44788      125486      417440
         204      500243       43630      122126      429427
         205      493163       42196      118930      441137
         206      486336       40695      115847      452548
         207      479752       39357      112778      463539
         208      473185       38266      109408      474567
         209      466856       37066      106337      485167
         210      460547       36079      103255      495545
         211      454568       35110      100373      505375
         212      448786       34274       97161      515205
         213      443117       33300       94318      524691
         214      437805       32202       91522      533897
         215      432622       31102       88790      542912
         216      427555       29968       86282      551621
         217      422690       29000       83694      560042
         218      417894       28077       81191      568264
         219      413203       27377       78512      576334
         220      408777       26391       76154      584104
         221      404424       25695       73821      591486
         222      400251       24891       71473      598811
         223      396152       24138       69333      605803
         224      392136       23456       67432      612402
         225      388245       22753       65459      618969
         226      384461       22072       63507      625386
         227      380767       21533       61334      631792
         228      377339       20873       59280      637934
         229      373821       20312       57592      643701
         230      370444       19740       55715      649527
         231      367111       19262       54128      654925
         232      363687       18946       52573      660220
         233      360353       18699       51047      665327
         234      357072       18539       49598      670217
         235      353915       18188       48182      675141
         236      350839       17935       46728      679924
         237      347838       17530       45647      684411
         238      344857       17208       44522      688839
         239      341864       16875       43599      693088
         240      338807       16673       42733      697213
         241      335893       16480       41750      701303
         242      333019       16336       40794      705277
         243      330170       16175       39963      709118
         244      327347       16007       39269      712803
         245      324515       15844       38686      716381
         246      321613       15733       38286      719794
         247      318707       15765       37666      723288
         248      315867       15742       37168      726649
         249      312821       15938       36648      730019
         250      309903       16062       36059      733402
         251      307014       16024       35725      736663
         252      304154       15997       35351      739924
         253      301345       15950       35008      743123
         254      298443       15899       34934      746150
         255      295529       15821       35028      749048
         256      292649       15782       34965      752030
         257      289918       15636       34784      755088
         258      287213       15561       34575      758077
         259      284515       15348       34590      760973
         260      281905       15062       34612      763847
         261      279159       14897       34706      766664
         262      276510       14822       34626      769468
         263      273938       14635       34511      772342
         264      271467       14418       34335      775206
         265      269050       14158       34095      778123
         266      266718       13790       33779      781139
         267      264468       13413       33455      784090
         268      262254       13022       33195      786955
         269      260047       12616       32983      789780
         270      257966       12318       32477      792665
         271      255985       11873       32010      795558
         272      254056       11549       31358      798463
         273      252252       11148       30703      801323
         274      250500       10652       30125      804149
         275      248725       10315       29488      806898
         276      247115        9857       28886      809568
         277      245671        9379       28150      812226
         278      244299        8852       27375      814900
         279      242992        8359       26480      817595
         280      241777        7851       25609      820189
         281      240606        7332       24751      822737
         282      239563        6831       23858      825174
         283      238466        6539       22914      827507
         284      237519        6149       21923      829835
         285      236506        5897       20957      832066
         286      235706        5470       19990      834260
         287      234929        5157       18903      836437
         288      234203        4794       17980      838449
         289      233523        4485       17029      840389
         290      232943        4056       16136      842291
         291      232379        3726       15283      844038
         292      231816        3504       14321      845785
         293      231337        3205       13442      847442
         294      230872        3018       12514      849022
         295      230453        2759       11770      850444
         296      230082        2547       10982      851815
         297      229742        2341       10344      852999
         298      229420        2169        9585      854252
         299      229099        2003        8969      855355
         300      228855        1801        8332      856438
         301      228613        1633        7737      857443
         302      228415        1496        7078      858437
         303      228212        1368        6513      859333
         304      228029        1232        6049      860116
         305      227853        1135        5593      860845
         306      227718        1030        5099      861579
         307      227579         932        4717      862198
         308      227469         859        4336      862762
         309      227343         793        3956      863334
         310      227236         704        3661      863825
         311      227156         639        3330      864301
         312      227067         572        3039      864748
         313      226988         535        2754      865149
         314      226923         489        2519      865495
         315      226856         427        2304      865839
         316      226800         396        2070      866160
         317      226756         360        1857      866453
         318      226713         315        1720      866678
         319      226681         273        1566      866906
         320      226637         250        1419      867120
         321      226607         224        1297      867298
         322      226584         202        1162      867478
         323      226563         164        1068      867631
         324      226547         154         945      867780
         325      226520         133         869      867904
         326      226495         126         783      868022
         327      226477         118         701      868130
         328      226462         107         626      868231
         329      226448         112         546      868320
         330      226432         106         489      868399
         331      226420          88         446      868472
         332      226410          76         401      868539
         333      226404          68         366      868588
         334      226396          57         331      868642
         335      226392          48         291      868695
         336      226385          38         275      868728
         337      226372          42         240      868772
         338      226369          39         215      868803
         339      226363          38         194      868831
         340      226358          37         175      868856
         341      226353          37         164      868872
         342      226348          29         151      868898
         343      226343          26         140      868917
         344      226340          27         123      868936
         345      226335          25         111      868955
         346      226332          23          96      868975
         347      226330          22          88      868986
         348      226328          18          79      869001
         349      226326          15          74      869011
         350      226326          11          71      869018
         351      226325           9          67      869025
         352      226323           8          61      869034
         353      226321           7          59      869039
         354      226320           7          50      869049
         355      226319           7          44      869056
         356      226316           9          41      869060
         357      226316           8          35      869067
         358      226315           7          33      869071
         359      226314           7          28      869077
         360      226314           6          24      869082
         361      226314           3          25      869084
         362      226314           2          23      869087
         363      226313           2          19      869092
         364      226312           2          18      869094
         365      226311           3          14      869098
         366      226311           3          12      869100
         367      226310           4          12      869100
         368      226309           5          11      869101
         369      226309           4          12      869101
         370      226309           2          10      869105
         371      226308           3           9      869106
         372      226308           3           9      869106
         373      226307           3           7      869109
         374      226307           2           7      869110
         375      226307           2           7      869110
         376      226307           1           7      869111
         377      226307           1           6      869112
         378      226307           1           6      869112
         379      226307           0           7      869112
         380      226307           0           6      869113
         381      226307           0           5      869114
         382      226307           0           4      869115
         383      226307           0           4      869115
         384      226307           0           3      869116
         385      226307           0           2      869117
         386      226307           0           2      869117
         387      226307           0           2      869117
         388      226307           0           1      869118
         389      226307           0           1      869118
         390      226307           0           0      869119
           1     1095425           1           0           0
           2     1095425           1           0           0
           3     1095425           1           0           0
           4     1095425           1           0           0
           5     1095425           1           0           0
           6     1095424           1           1           0
           7     1095424           1           1           0
           8     1095424           1           1           0
           9     1095424           1           1           0
          10     1095424           1           1           0
          11     1095423           1           2           0
          12     1095423           1           2           0
          13     1095423           1           2           0
          14     1095423           1           2           0
          15     1095423           1           2           0
          16     1095423           0           3           0
          17     1095423           0           3           0
          18     1095423           0           3           0
          19     1095422           1           2           1
          20     1095422           1           2           1
          21     1095422           1           2           1
          22     1095420           3           2           1
          23     1095420           3           1           2
          24     1095420           3           1           2
          25     1095419           4           1           2
          26     1095419           3           2           2
          27     1095419           1           4           2
          28     1095418           2           3           3
          29     1095418           2           3           3
          30     1095417           3           3           3
          31     1095415           4           4           3
          32     1095413           6           4           3
          33     1095408          10           5           3
          34     1095408          10           5           3
          35     1095408          10           5           3
          36     1095408           7           8           3
          37     1095407           8           8           3
          38     1095404           6          12           4
          39     1095402           7          11           6
          40     1095400           8          12           6
          41     1095396          12          12           6
          42     1095394          13          12           7
          43     1095394          12          13           7
          44     1095393          10          16           7
          45     1095388          14          16           8
          46     1095387          12          19           8
          47     1095386           8          24           8
          48     1095380          14          23           9
          49     1095376          18          21          11
          50     1095373          20          18          15
          51     1095367          21          22          16
          52     1095361          25          22          18
          53     1095354          30          24          18
          54     1095350          29          29          18
          55     1095347          29          29          21
          56     1095340          29          33          24
          57     1095334          30          36          26
          58     1095329          27          42          28
          59     1095319          32          43          32
          60     1095311          37          46          32
          61     1095304          39          51          32
          62     1095294          44          54          34
          63     1095280          52          56          38
          64     1095268          59          60          39
          65     1095259          59          66          42
          66     1095247          62          71          46
          67     1095239          60          75          52
          68     1095224          66          80          56
          69     1095209          66          90          61
          70     1095186          80          91          69
          71     1095173          85          92          76
          72     1095158          88         103          77
          73     1095143          91         111          81
          74     1095124          94         121          87
          75     1095103          93         136          94
          76     1095083          94         147         102
          77     1095051         113         152         110
          78     1095010         144         155         117
          79     1094979         159         165         123
          80     1094953         160         176         137
          81     1094907         188         179         152
          82     1094877         184         201         164
          83     1094835         191         227         173
          84     1094792         207         244         183
          85     1094732         236         261         197
          86     1094670         266         280         210
          87     1094613         282         304         227
          88     1094559         301         317         249
          89     1094496         320         348         262
          90     1094414         346         390         276
          91     1094348         352         434         292
          92     1094278         362         476         310
          93     1094176         418         502         330
          94     1094079         444         547         356
          95     1093988         469         576         393
          96     1093866         523         605         432
          97     1093735         583         651         457
          98     1093600         629         708         489
          99     1093481         646         769         530
         100     1093311         723         827         565
         101     1093147         786         882         611
         102     1092987         809         967         663
         103     1092812         862        1027         725
         104     1092625         923        1087         791
         105     1092421         974        1193         838
         106     1092204        1018        1302         902
         107     1091975        1092        1395         964
         108     1091717        1179        1492        1038
         109     1091410        1317        1585        1114
         110     1091115        1423        1688        1200
         111     1090808        1521        1800        1297
         112     1090486        1603        1951        1386
         113     1090106        1720        2089        1511
         114     1089746        1813        2231        1636
         115     1089343        1897        2428        1758
         116     1088919        2039        2589        1879
         117     1088401        2243        2762        2020
         118     1087907        2382        2943        2194
         119     1087356        2577        3143        2350
         120     1086781        2766        3362        2517
         121     1086185        2964        3582        2695
         122     1085530        3122        3874        2900
         123     1084863        3315        4151        3097
         124     1084076        3559        4468        3323
         125     1083258        3821        4754        3593
         126     1082345        4131        5089        3861
         127     1081395        4456        5411        4164
         128     1080334        4875        5752        4465
         129     1079274        5175        6208        4769
         130     1078130        5537        6640        5119
         131     1076898        5903        7135        5490
         132     1075552        6329        7655        5890
         133     1074073        6805        8240        6308
         134     1072481        7352        8826        6767
         135     1070746        7964        9467        7249
         136     1068925        8575       10152        7774
         137     1066977        9252       10853        8344
         138     1064865        9985       11655        8921
         139     1062675       10589       12579        9583
         140     1060257       11324       13585       10260
         141     1057589       12280       14579       10978
         142     1054813       13129       15743       11741
         143     1051822       14113       16882       12609
         144     1048710       15132       18050       13534
         145     1045187       16277       19417       14545
         146     1041502       17406       20928       15590
         147     1037516       18679       22489       16742
         148     1033269       20017       24224       17916
         149     1028875       21422       25936       19193
         150     1024150       22788       27877       20611
         151     1018965       24309       29976       22176
         152     1013542       25991       32070       23823
         153     1007746       27648       34448       25584
         154     1001864       29205       36881       27476
         155      995473       30988       39467       29498
         156      988674       32861       42246       31645
         157      981540       34746       45203       33937
         158      974118       36467       48375       36466
         159      966349       38513       51340       39224
         160      958009       40622       54623       42172
         161      949209       42843       58174       45200
         162      940212       44958       61837       48419
         163      930849       46978       65475       52124
         164      920973       49233       69333       55887
         165      910863       51250       73254       60059
         166      900418       53197       77467       64344
         167      889618       55174       81751       68883
         168      878363       57240       85978       73845
         169      866666       59227       90321       79212
         170      855161       60709       94747       84809
         171      843135       62579       99142       90570
         172      830996       64033      103638       96759
         173      818568       65389      108179      103290
         174      806287       66302      112563      110274
         175      793632       67292      116907      117595
         176      780874       68203      121239      125110
         177      768071       68930      125183      133242
         178      755471       69370      128772      141813
         179      742764       69690      132253      150719
         180      729986       70001      135460      159979
         181      717545       69641      138749      169491
         182      705174       69329      141424      179499
         183      693057       68788      143791      189790
         184      680968       68179      145927      200352
         185      669095       67215      147670      211446
         186      657513       66254      148833      222826
         187      646056       65259      149604      234507
         188      634935       64230      150092      246169
         189      624022       62989      149910      258505
         190      613344       61672      149708      270702
         191      603172       60242      149030      282982
         192      593158       58651      148163      295454
         193      583382       57104      146735      308205
         194      573855       55580      144993      320998
         195      564676       53993      143187      333570
         196      555920       52332      141045      346129
         197      547422       50741      138182      359081
         198      539368       48883      135479      371696
         199      531273       47325      132735      384093
         200      523443       45771      129958      396254
         201      515905       44348      126715      408458
         202      508508       43096      123431      420391
         203      501543       41773      119952      432158
         204      494715       40582      116491      443638
         205      488089       39248      113212      454877
         206      481717       37978      109747      465984
         207      475467       36709      106593      476657
         208      469493       35565      103254      487114
         209      463536       34574      100008      497308
         210      457845       33515       96947      507119
         211      452206       32634       93770      516816
         212      446800       31807       90611      526208
         213      441550       30896       87804      535176
         214      436531       30093       84985      543817
         215      431629       29091       82673      552033
         216      426771       28237       80361      560057
         217      422142       27335       77809      568140
         218      417488       26649       75578      575711
         219      412832       26177       73219      583198
         220      408387       25691       70938      590410
         221      404195       24977       68950      597304
         222      400073       24357       66902      604094
         223      396099       23728       65077      610522
         224      392221       22961       63390      616854
         225      388411       22196       61822      622997
         226      384526       21731       60270      628899
         227      380871       21268       58560      634727
         228      377262       20778       56976      640410
         229      373703       20440       55392      645891
         230      370372       19885       53927      651242
         231      367151       19313       52577      656385
         232      363966       18766       51333      661361
         233      360860       18246       50073      666247
         234      357703       17760       48985      670978
         235      354675       17336       47949      675466
         236      351707       17110       46370      680239
         237      348839       16779       45023      684785
         238      345974       16436       43943      689073
         239      343153       16117       42852      693304
         240      340391       15808       41840      697387
         241      337595       15621       40978      701232
         242      334820       15441       40034      705131
         243      332139       15307       39021      708959
         244      329407       15097       38210      712712
         245      326630       15157       37272      716367
         246      323942       15055       36499      719930
         247      321177       15011       35807      723431
         248      318514       14966       35281      726665
         249      315714       15049       34827      729836
         250      313053       14920       34479      732974
         251      310290       14991       34001      736144
         252      307537       14996       33652      739241
         253      304748       15115       33343      742220
         254      302027       15076       33181      745142
         255      299259       15137       33012      748018
         256      296599       15038       32937      750852
         257      293824       15098       32860      753644
         258      291110       15050       32818      756448
         259      288377       15012       32799      759238
         260      285657       15017       32864      761888
         261      282973       14947       32818      764688
         262      280287       14918       32813      767408
         263      277627       14847       32812      770140
         264      274999       14775       32745      772907
         265      272474       14512       32874      775566
         266      270003       14321       32798      778304
         267      267583       14050       32787      781006
         268      265240       13703       32729      783754
         269      262936       13360       32626      786504
         270      260688       13068       32343      789327
         271      258522       12713       32086      792105
         272      256436       12369       31834      794787
         273      254478       11976       31477      797495
         274      252568       11554       31109      800195
         275      250664       11120       30646      802996
         276      248906       10699       30098      805723
         277      247215       10251       29538      808422
         278      245692        9794       28824      811116
         279      244192        9330       28106      813798
         280      242715        8896       27322      816493
         281      241335        8464       26462      819165
         282      240101        7969       25664      821692
         283      238907        7557       24766      824196
         284      237846        7104       23868      826608
         285      236851        6587       22991      828997
         286      235936        6077       22047      831366
         287      235022        5682       21109      833613
         288      234204        5295       20086      835841
         289      233524        4855       19061      837986
         290      232865        4469       18126      839966
         291      232229        4142       17123      841932
         292      231689        3782       16145      843810
         293      231134        3474       15197      845621
         294      230654        3237       14192      847343
         295      230208        2982       13291      848945
         296      229818        2717       12412      850479
         297      229454        2525       11447      852000
         298      229098        2279       10663      853386
         299      228796        2074        9826      854730
         300      228532        1901        9080      855913
         301      228289        1721        8352      857064
         302      228071        1550        7736      858069
         303      227859        1428        7090      859049
         304      227651        1312        6516      859947
         305      227476        1201        5945      860804
         306      227310        1099        5497      861520
         307      227157        1020        5015      862234
         308      227023         945        4584      862874
         309      226917         839        4220      863450
         310      226807         747        3845      864027
         311      226710         677        3503      864536
         312      226623         613        3186      865004
         313      226546         537        2936      865407
         314      226469         494        2677      865786
         315      226402         460        2428      866136
         316      226356         405        2200      866465
         317      226294         374        2013      866745
         318      226245         334        1829      867018
         319      226201         304        1671      867250
         320      226146         293        1519      867468
         321      226110         265        1387      867664
         322      226078         249        1233      867866
         323      226047         221        1122      868036
         324      226021         201        1014      868190
         325      225999         176         919      868332
         326      225978         159         838      868451
         327      225962         130         766      868568
         328      225947         111         702      868666
         329      225937          97         626      868766
         330      225928          85         569      868844
         331      225918          76         512      868920
         332      225904          66         459      868997
         333      225895          59         429      869043
         334      225891          51         383      869101
         335      225882          53         339      869152
         336      225874          46         295      869211
         337      225866          43         272      869245
         338      225862          38         229      869297
         339      225861          34         194      869337
         340      225855          32         176      869363
         341      225851          26         156      869393
         342      225846          28         138      869414
         343      225841          24         124      869437
         344      225841          21         105      869459
         345      225838          17          94      869477
         346      225837          16          90      869483
         347      225836          12          85      869493
         348      225832          12          81      869501
         349      225830          11          67      869518
         350      225829          11          58      869528
         351      225827          11          55      869533
         352      225827          10          46      869543
         353      225826           8          45      869547
         354      225826           4          40      869556
         355      225826           4          34      869562
         356      225826           3          33      869564
         357      225826           1          30      869569
         358      225826           0          26      869574
         359      225826           0          21      869579
         360      225825           1          17      869583
         361      225824           2          15      869585
         362      225822           4          13      869587
         363      225822           4          12      869588
         364      225822           4          10      869590
         365      225822           3           9      869592
         366      225822           2           8      869594
         367      225822           1           6      869597
         368      225822           0           7      869597
         369      225822           0           5      869599
         370      225822           0           4      869600
         371      225822           0           4      869600
         372      225822           0           4      869600
         373      225822           0           4      869600
         374      225822           0           4      869600
         375      225822           0           4      869600
         376      225822           0           4      869600
         377      225822           0           3      869601
         378      225822           0           2      869602
         379      225822           0           1      869603
         380      225822           0           0      869604
