 #time susceptible exposed infected recover
           1     1095425           1           0           0
           2     1095425           1           0           0
           3     1095425           1           0           0
           4     1095425           1           0           0
           5     1095425           1           0           0
           6     1095425           1           0           0
           7     1095425           0           1           0
           8     1095425           0           1           0
           9     1095425           0           1           0
          10     1095425           0           1           0
          11     1095424           1           1           0
          12     1095424           1           1           0
          13     1095424           1           1           0
          14     1095423           2           1           0
          15     1095423           2           1           0
          16     1095422           3           1           0
          17     1095422           2           2           0
          18     1095422           2           2           0
          19     1095421           3           2           0
          20     1095420           3           3           0
          21     1095420           3           2           1
          22     1095420           3           2           1
          23     1095420           2           3           1
          24     1095418           4           3           1
          25     1095416           5           4           1
          26     1095413           7           5           1
          27     1095410          10           5           1
          28     1095410          10           5           1
          29     1095409          11           5           1
          30     1095408          11           6           1
          31     1095406          11           7           2
          32     1095406           9           9           2
          33     1095403           8          13           2
          34     1095400          10          14           2
          35     1095399          10          14           3
          36     1095395          13          15           3
          37     1095392          14          17           3
          38     1095390          16          16           4
          39     1095385          21          16           4
          40     1095378          24          19           5
          41     1095374          25          21           6
          42     1095372          24          24           6
          43     1095364          29          27           6
          44     1095359          32          27           8
          45     1095353          33          32           8
          46     1095350          29          35          12
          47     1095346          33          32          15
          48     1095342          32          36          16
          49     1095334          35          41          16
          50     1095325          36          48          17
          51     1095320          36          51          19
          52     1095299          53          54          20
          53     1095287          60          57          22
          54     1095275          70          56          25
          55     1095264          75          60          27
          56     1095251          75          70          30
          57     1095239          81          72          34
          58     1095227          83          80          36
          59     1095214          79          95          38
          60     1095189          93          99          45
          61     1095164         103         110          49
          62     1095140         119         115          52
          63     1095121         129         120          56
          64     1095101         134         127          64
          65     1095070         148         138          70
          66     1095039         164         148          75
          67     1095010         163         175          78
          68     1094979         169         197          81
          69     1094937         194         207          88
          70     1094890         220         217          99
          71     1094833         250         238         105
          72     1094776         278         255         117
          73     1094727         298         270         131
          74     1094670         322         288         146
          75     1094616         338         313         159
          76     1094546         360         353         167
          77     1094469         388         387         182
          78     1094387         412         433         194
          79     1094301         453         465         207
          80     1094209         490         502         225
          81     1094080         567         529         250
          82     1093957         624         576         269
          83     1093831         676         627         292
          84     1093709         729         671         317
          85     1093575         761         753         337
          86     1093412         836         807         371
          87     1093246         896         886         398
          88     1093065         952         974         435
          89     1092864        1031        1057         474
          90     1092666        1104        1142         514
          91     1092422        1228        1218         558
          92     1092174        1320        1306         626
          93     1091907        1431        1415         673
          94     1091605        1549        1548         724
          95     1091266        1697        1689         774
          96     1090918        1847        1815         846
          97     1090557        1973        1981         915
          98     1090172        2120        2137         997
          99     1089727        2307        2312        1080
         100     1089271        2496        2486        1173
         101     1088730        2703        2709        1284
         102     1088170        2935        2911        1410
         103     1087538        3215        3149        1524
         104     1086921        3444        3403        1658
         105     1086273        3690        3683        1780
         106     1085540        3955        3994        1937
         107     1084751        4247        4338        2090
         108     1083906        4552        4689        2279
         109     1082965        4896        5105        2460
         110     1081894        5335        5530        2667
         111     1080826        5760        5973        2867
         112     1079649        6263        6398        3116
         113     1078449        6696        6881        3400
         114     1077104        7256        7390        3676
         115     1075566        7847        8016        3997
         116     1073964        8483        8654        4325
         117     1072227        9119        9390        4690
         118     1070396        9871       10110        5049
         119     1068355       10679       10914        5478
         120     1066185       11554       11755        5932
         121     1063948       12360       12684        6434
         122     1061511       13247       13689        6979
         123     1058856       14257       14752        7561
         124     1056051       15291       15899        8185
         125     1053092       16253       17265        8816
         126     1049761       17541       18619        9505
         127     1046217       18884       20052       10273
         128     1042403       20289       21670       11064
         129     1038490       21676       23252       12008
         130     1034200       23237       24983       13006
         131     1029682       24924       26762       14058
         132     1024729       26646       28851       15200
         133     1019510       28537       31022       16357
         134     1013953       30333       33478       17662
         135     1008197       32243       35874       19112
         136     1002029       34288       38459       20650
         137      995486       36403       41234       22303
         138      988548       38624       44135       24119
         139      981068       40987       47305       26066
         140      973358       43402       50525       28141
         141      965415       45682       53988       30341
         142      956862       48291       57588       32685
         143      947882       50846       61474       35224
         144      938516       53501       65439       37970
         145      928914       55914       69767       40831
         146      918677       58524       74229       43996
         147      908089       61294       78638       47405
         148      897314       63863       83159       51090
         149      886265       66092       88084       54985
         150      874798       68492       93115       59021
         151      862913       70847       98126       63540
         152      850764       73048      103399       68215
         153      838600       74778      108681       73367
         154      826006       76683      114060       78677
         155      813274       78453      119289       84410
         156      800489       79993      124582       90362
         157      787656       81189      129906       96675
         158      774434       82447      135132      103413
         159      761427       83281      139999      110719
         160      748367       83898      144930      118231
         161      735386       84257      149688      126095
         162      722540       84337      154262      134287
         163      709811       84123      158421      143071
         164      697224       83658      162291      152253
         165      684657       83313      165787      161669
         166      672335       82577      168906      171608
         167      660172       81787      171437      182030
         168      648045       80839      173792      192750
         169      636347       79869      175511      203699
         170      624840       78683      176911      214992
         171      613824       77098      177792      226712
         172      602723       75638      178467      238598
         173      591938       74220      178534      250734
         174      581540       72599      178140      263147
         175      571237       71031      177348      275810
         176      561312       69279      176379      288456
         177      551562       67800      174769      301295
         178      542046       66116      172927      314337
         179      532855       64474      170490      327607
         180      523593       63136      168133      340564
         181      514597       61779      165542      353508
         182      505796       60384      162732      366514
         183      497098       59241      159986      379101
         184      488832       57967      156789      391838
         185      480684       56689      153579      404474
         186      472737       55485      150188      417016
         187      464880       54060      147277      429209
         188      457336       52762      143958      441370
         189      449951       51563      140612      453300
         190      442688       50305      137510      464923
         191      435648       49151      134525      476102
         192      428647       48028      131533      487218
         193      421892       46977      128499      498058
         194      415308       45809      125618      508691
         195      408787       44809      122711      519119
         196      402523       43798      119919      529186
         197      396452       42756      117187      539031
         198      390390       41801      114569      548666
         199      384605       40682      112087      558052
         200      378838       39649      109722      567217
         201      373442       38633      106939      576412
         202      368020       37636      104527      585243
         203      362852       36692      101821      594061
         204      357800       35632       99493      602501
         205      352915       34576       97233      610702
         206      348168       33510       95072      618676
         207      343665       32457       92646      626658
         208      339245       31497       90404      634280
         209      334865       30540       88217      641804
         210      330661       29684       85957      649124
         211      326627       28751       83738      656310
         212      322555       27966       81580      663325
         213      318673       27295       79251      670207
         214      314949       26544       77137      676796
         215      311311       25709       75055      683351
         216      307757       24983       72982      689704
         217      304327       24318       70851      695930
         218      300937       23654       68900      701935
         219      297557       23144       66801      707924
         220      294211       22552       64959      713704
         221      290976       22154       63050      719246
         222      287777       21821       61142      724686
         223      284653       21424       59401      729948
         224      281506       21153       57603      735164
         225      278458       20833       56073      740062
         226      275444       20437       54687      744858
         227      272438       20168       53338      749482
         228      269398       19971       52096      753961
         229      266457       19764       50814      758391
         230      263476       19633       49631      762686
         231      260578       19406       48681      766761
         232      257536       19443       47616      770831
         233      254745       19188       46696      774797
         234      251848       19102       45986      778490
         235      249051       18847       45236      782292
         236      246266       18734       44575      785851
         237      243524       18535       44037      789330
         238      240815       18222       43606      792783
         239      238046       18058       43087      796235
         240      235361       17921       42618      799526
         241      232661       17804       42122      802839
         242      230090       17566       41733      806037
         243      227609       17307       41346      809164
         244      225230       16954       40874      812368
         245      222848       16621       40505      815452
         246      220534       16184       40215      818493
         247      218315       15689       39965      821457
         248      216033       15316       39613      824464
         249      213914       14949       39042      827521
         250      211965       14466       38515      830480
         251      210033       13995       37967      833431
         252      208134       13589       37322      836381
         253      206395       13086       36696      839249
         254      204742       12446       36101      842137
         255      203104       11874       35498      844950
         256      201531       11394       34758      847743
         257      200109       10883       33986      850448
         258      198708       10377       33064      853277
         259      197372        9893       32150      856011
         260      196125        9456       31087      858758
         261      194906        9018       30124      861378
         262      193832        8503       29054      864037
         263      192733        8080       28039      866574
         264      191707        7701       27013      869005
         265      190766        7281       25956      871423
         266      189883        6861       24985      873697
         267      189052        6445       23974      875955
         268      188277        6125       22773      878251
         269      187595        5687       21711      880433
         270      186950        5238       20747      882491
         271      186337        4907       19750      884432
         272      185780        4525       18789      886332
         273      185247        4219       17842      888118
         274      184771        3899       16874      889882
         275      184290        3636       16014      891486
         276      183874        3414       15005      893133
         277      183480        3143       14195      894608
         278      183120        2930       13347      896029
         279      182753        2753       12524      897396
         280      182453        2545       11725      898703
         281      182172        2335       11055      899864
         282      181920        2157       10297      901052
         283      181701        1938        9607      902180
         284      181490        1803        8900      903233
         285      181304        1633        8292      904197
         286      181109        1491        7704      905122
         287      180962        1351        7172      905941
         288      180805        1248        6627      906746
         289      180676        1129        6148      907473
         290      180557        1033        5710      908126
         291      180445         959        5253      908769
         292      180349         859        4851      909367
         293      180260         785        4480      909901
         294      180193         686        4129      910418
         295      180130         601        3802      910893
         296      180045         563        3473      911345
         297      179979         530        3158      911759
         298      179919         481        2912      912114
         299      179880         415        2649      912482
         300      179842         383        2391      912810
         301      179805         359        2143      913119
         302      179775         310        1964      913377
         303      179750         263        1808      913605
         304      179725         225        1651      913825
         305      179704         195        1486      914041
         306      179672         193        1340      914221
         307      179651         173        1222      914380
         308      179629         163        1096      914538
         309      179611         155         980      914680
         310      179593         147         869      914817
         311      179580         135         787      914924
         312      179567         117         716      915026
         313      179556         102         643      915125
         314      179550          91         593      915192
         315      179545          77         543      915261
         316      179538          66         486      915336
         317      179530          56         433      915407
         318      179527          47         381      915471
         319      179523          39         335      915529
         320      179516          37         309      915564
         321      179511          37         280      915598
         322      179509          33         252      915632
         323      179505          30         230      915661
         324      179502          29         209      915686
         325      179500          25         189      915712
         326      179499          21         166      915740
         327      179497          17         148      915764
         328      179493          16         136      915781
         329      179490          18         113      915805
         330      179490          13          99      915824
         331      179489          11          85      915841
         332      179488          12          72      915854
         333      179488           9          66      915863
         334      179485          10          58      915873
         335      179483          10          56      915877
         336      179483           7          51      915885
         337      179483           6          42      915895
         338      179483           6          39      915898
         339      179481           7          36      915902
         340      179481           6          33      915906
         341      179481           3          31      915911
         342      179481           3          26      915916
         343      179481           2          23      915920
         344      179480           3          20      915923
         345      179480           1          19      915926
         346      179480           1          19      915926
         347      179480           1          16      915929
         348      179480           1          14      915931
         349      179480           1          12      915933
         350      179480           0          11      915935
         351      179478           2           9      915937
         352      179477           3           9      915937
         353      179477           3           8      915938
         354      179476           4           7      915939
         355      179476           4           4      915942
         356      179476           4           3      915943
         357      179476           3           4      915943
         358      179476           1           6      915943
         359      179476           1           4      915945
         360      179476           0           5      915945
         361      179476           0           5      915945
         362      179476           0           5      915945
         363      179476           0           5      915945
         364      179475           1           5      915945
         365      179475           1           4      915946
         366      179474           2           4      915946
         367      179474           2           4      915946
         368      179474           2           4      915946
         369      179473           3           4      915946
         370      179473           2           5      915946
         371      179473           2           4      915947
         372      179473           1           4      915948
         373      179473           1           3      915949
         374      179473           1           2      915950
         375      179473           1           2      915950
         376      179473           0           3      915950
         377      179473           0           3      915950
         378      179473           0           3      915950
         379      179473           0           3      915950
         380      179473           0           3      915950
         381      179473           0           3      915950
         382      179473           0           3      915950
         383      179473           0           3      915950
         384      179473           0           2      915951
         385      179473           0           2      915951
         386      179473           0           1      915952
         387      179473           0           1      915952
         388      179473           0           1      915952
         389      179473           0           0      915953
           1     1095425           1           0           0
           2     1095425           1           0           0
           3     1095425           1           0           0
           4     1095425           1           0           0
           5     1095425           1           0           0
           6     1095425           1           0           0
           7     1095425           0           1           0
           8     1095425           0           1           0
           9     1095425           0           1           0
          10     1095425           0           1           0
          11     1095425           0           1           0
          12     1095425           0           1           0
          13     1095425           0           1           0
          14     1095425           0           1           0
          15     1095425           0           1           0
          16     1095425           0           1           0
          17     1095425           0           1           0
          18     1095425           0           1           0
          19     1095425           0           1           0
          20     1095424           1           1           0
          21     1095424           1           0           1
          22     1095424           1           0           1
          23     1095424           1           0           1
          24     1095424           1           0           1
          25     1095424           1           0           1
          26     1095424           0           1           1
          27     1095424           0           1           1
          28     1095424           0           1           1
          29     1095424           0           1           1
          30     1095424           0           1           1
          31     1095424           0           1           1
          32     1095424           0           1           1
          33     1095424           0           1           1
          34     1095424           0           1           1
          35     1095424           0           1           1
          36     1095423           1           1           1
          37     1095423           1           1           1
          38     1095423           1           1           1
          39     1095423           1           1           1
          40     1095423           1           1           1
          41     1095423           1           1           1
          42     1095423           1           1           1
          43     1095423           0           1           2
          44     1095422           1           1           2
          45     1095422           1           1           2
          46     1095422           1           1           2
          47     1095422           1           1           2
          48     1095422           1           1           2
          49     1095421           2           1           2
          50     1095421           2           1           2
          51     1095420           2           2           2
          52     1095419           3           2           2
          53     1095419           3           2           2
          54     1095418           4           2           2
          55     1095418           3           3           2
          56     1095417           4           3           2
          57     1095417           4           2           3
          58     1095417           3           3           3
          59     1095417           2           4           3
          60     1095417           1           5           3
          61     1095416           2           5           3
          62     1095415           2           6           3
          63     1095413           4           6           3
          64     1095411           6           6           3
          65     1095409           8           5           4
          66     1095408           9           5           4
          67     1095406          11           5           4
          68     1095405          11           6           4
          69     1095405           9           7           5
          70     1095404           8           9           5
          71     1095399          11          11           5
          72     1095396          12          12           6
          73     1095391          16          12           7
          74     1095389          16          13           8
          75     1095387          18          13           8
          76     1095385          20          12           9
          77     1095384          16          17           9
          78     1095381          16          20           9
          79     1095377          18          22           9
          80     1095374          17          26           9
          81     1095369          18          30           9
          82     1095360          25          31          10
          83     1095351          33          29          13
          84     1095347          36          29          14
          85     1095342          37          31          16
          86     1095338          38          32          18
          87     1095330          42          34          20
          88     1095322          44          40          20
          89     1095316          39          50          21
          90     1095304          43          57          22
          91     1095292          51          56          27
          92     1095280          62          55          29
          93     1095264          70          60          32
          94     1095243          83          66          34
          95     1095224          94          70          38
          96     1095205         104          77          40
          97     1095185         116          83          42
          98     1095165         123          96          42
          99     1095142         131         106          47
         100     1095124         128         125          49
         101     1095102         133         137          54
         102     1095076         143         146          61
         103     1095049         143         161          73
         104     1095010         162         175          79
         105     1094974         181         190          81
         106     1094926         210         205          85
         107     1094890         224         219          93
         108     1094843         242         241         100
         109     1094790         273         258         105
         110     1094731         299         280         116
         111     1094673         330         298         125
         112     1094592         351         343         140
         113     1094517         391         367         151
         114     1094436         426         390         174
         115     1094363         455         414         194
         116     1094280         484         453         209
         117     1094202         495         494         235
         118     1094094         529         545         258
         119     1093987         570         597         272
         120     1093878         591         666         291
         121     1093737         662         713         314
         122     1093584         743         757         342
         123     1093466         776         820         364
         124     1093275         873         884         394
         125     1093086         963         949         428
         126     1092877        1067        1001         481
         127     1092659        1145        1099         523
         128     1092450        1201        1218         557
         129     1092191        1332        1296         607
         130     1091952        1421        1392         661
         131     1091675        1515        1507         729
         132     1091373        1614        1645         794
         133     1091031        1738        1781         876
         134     1090677        1878        1919         952
         135     1090277        2037        2089        1023
         136     1089839        2231        2250        1106
         137     1089399        2410        2431        1186
         138     1088917        2598        2629        1282
         139     1088393        2817        2837        1379
         140     1087811        3053        3075        1487
         141     1087158        3319        3327        1622
         142     1086482        3560        3622        1762
         143     1085763        3850        3914        1899
         144     1084969        4192        4203        2062
         145     1084107        4545        4526        2248
         146     1083113        4964        4902        2447
         147     1082118        5350        5306        2652
         148     1081060        5774        5726        2866
         149     1079941        6188        6191        3106
         150     1078662        6693        6698        3373
         151     1077317        7229        7268        3612
         152     1075860        7740        7935        3891
         153     1074240        8365        8607        4214
         154     1072552        9033        9272        4569
         155     1070691        9804        9986        4945
         156     1068704       10577       10761        5384
         157     1066642       11341       11633        5810
         158     1064276       12309       12584        6257
         159     1061753       13329       13560        6784
         160     1059147       14198       14733        7348
         161     1056187       15437       15862        7940
         162     1053137       16553       17117        8619
         163     1049838       17887       18419        9282
         164     1046354       19124       19867       10081
         165     1042583       20487       21472       10884
         166     1038516       21944       23156       11810
         167     1034209       23454       24985       12778
         168     1029648       25018       26906       13854
         169     1024760       26772       28985       14909
         170     1019430       28641       31262       16093
         171     1013852       30552       33594       17428
         172     1007935       32653       35999       18839
         173     1001575       34805       38685       20361
         174      994818       37054       41516       22038
         175      987571       39610       44428       23817
         176      980102       41950       47636       25738
         177      972328       44248       51067       27783
         178      964049       46857       54544       29976
         179      955282       49408       58353       32383
         180      946228       51971       62250       34977
         181      936699       54515       66421       37791
         182      926561       57264       70848       40753
         183      916139       60133       75198       43956
         184      905229       62936       79936       47325
         185      893948       65682       84834       50962
         186      882144       68660       89739       54883
         187      869931       71569       94839       59087
         188      857653       74033      100242       63498
         189      844933       76341      105961       68191
         190      831951       78725      111427       73323
         191      818641       80830      117155       78800
         192      805158       82901      122911       84456
         193      791391       84703      128626       90706
         194      777454       86394      134327       97251
         195      763526       87735      139941      104224
         196      749577       88779      145585      111485
         197      735527       89760      150958      119181
         198      721483       90449      156255      127239
         199      707411       90835      161435      135745
         200      693408       90931      166426      144661
         201      679553       90949      170997      153927
         202      665626       90838      175052      163910
         203      652167       90451      178672      174136
         204      638914       89666      182146      184700
         205      625803       88587      185001      196035
         206      612851       87469      187713      207393
         207      600049       86451      189693      219233
         208      587704       84864      191236      231622
         209      575757       83214      192209      244246
         210      564132       81240      193082      256972
         211      552712       79637      193001      270076
         212      541747       77551      192720      283408
         213      530941       75449      191850      297186
         214      520506       73273      190564      311083
         215      510362       71326      188850      324888
         216      500542       69324      186736      338824
         217      491091       67404      184116      352815
         218      482146       64973      181433      366874
         219      473294       63181      177973      380978
         220      464731       61074      174671      394950
         221      456306       59162      171043      408915
         222      448219       57247      167064      422896
         223      440260       55550      163131      436485
         224      432837       53765      158842      449982
         225      425549       52152      154716      463009
         226      418610       50390      150259      476167
         227      411752       48788      145839      489047
         228      405134       47046      141680      501566
         229      398875       45396      137439      513716
         230      392719       43926      133343      525438
         231      386729       42462      129250      536985
         232      380835       41201      125082      548308
         233      375248       39846      121338      558994
         234      369666       38715      117333      569712
         235      364389       37623      113403      580011
         236      359305       36505      109574      590042
         237      354382       35326      106147      599571
         238      349464       34301      102877      608784
         239      344856       33190       99740      617640
         240      340346       32097       96622      626361
         241      335848       31248       93444      634886
         242      331703       30182       90393      643148
         243      327724       29088       87426      651188
         244      323814       28116       84662      658834
         245      319983       27174       82123      666146
         246      316120       26451       79503      673352
         247      312443       25700       77002      680281
         248      308820       24944       74665      686997
         249      305309       24425       72237      693455
         250      301840       23931       69932      699723
         251      298635       23248       67854      705689
         252      295429       22591       65730      711676
         253      292130       22106       63830      717360
         254      288966       21590       61872      722998
         255      285820       21229       60012      728365
         256      282657       20854       58365      733550
         257      279641       20635       56552      738598
         258      276587       20414       54888      743537
         259      273613       20147       53429      748237
         260      270501       19985       52117      752823
         261      267497       19899       50709      757321
         262      264549       19662       49611      761604
         263      261434       19693       48562      765737
         264      258487       19609       47670      769660
         265      255645       19462       46834      773485
         266      252717       19315       46027      777367
         267      249831       19142       45342      781111
         268      246879       19153       44590      784804
         269      244036       18894       44161      788335
         270      241107       18889       43613      791817
         271      238272       18825       43145      795184
         272      235490       18714       42801      798421
         273      232659       18602       42531      801634
         274      229920       18439       42135      804932
         275      227348       18159       41940      807979
         276      224735       17823       41658      811210
         277      222218       17470       41508      814230
         278      219699       17228       41177      817322
         279      217284       16794       41029      820319
         280      214938       16375       40725      823388
         281      212701       15988       40284      826453
         282      210550       15524       39945      829407
         283      208512       14995       39466      832453
         284      206420       14542       39013      835451
         285      204586       13890       38593      838357
         286      202831       13316       38061      841218
         287      201107       12744       37412      844163
         288      199463       12206       36655      847102
         289      198020       11512       35925      849969
         290      196586       10839       35110      852891
         291      195228       10246       34203      855749
         292      194032        9670       33269      858455
         293      192824        9132       32112      861358
         294      191728        8527       31135      864036
         295      190720        7995       29946      866765
         296      189789        7493       28737      869407
         297      188934        6981       27543      871968
         298      188114        6513       26360      874439
         299      187354        6058       25085      876929
         300      186671        5637       23840      879278
         301      186059        5151       22623      881593
         302      185479        4749       21416      883782
         303      184985        4365       20218      885858
         304      184526        4008       18936      887956
         305      184138        3636       17738      889914
         306      183708        3302       16705      891711
         307      183356        3008       15617      893445
         308      183037        2763       14522      895104
         309      182725        2502       13551      896648
         310      182470        2294       12572      898090
         311      182213        2135       11588      899490
         312      181985        1932       10725      900784
         313      181803        1727        9897      901999
         314      181618        1570        9093      903145
         315      181438        1445        8335      904208
         316      181292        1309        7635      905190
         317      181156        1174        7011      906085
         318      181034        1073        6430      906889
         319      180906         997        5837      907686
         320      180812         899        5322      908393
         321      180713         816        4831      909066
         322      180651         708        4413      909654
         323      180594         634        4019      910179
         324      180540         554        3658      910674
         325      180481         492        3363      911090
         326      180431         424        3053      911518
         327      180387         375        2771      911893
         328      180348         336        2525      912217
         329      180312         310        2246      912558
         330      180277         293        2025      912831
         331      180239         270        1809      913108
         332      180213         247        1633      913333
         333      180186         222        1489      913529
         334      180166         199        1339      913722
         335      180146         186        1196      913898
         336      180125         168        1074      914059
         337      180112         147         967      914200
         338      180096         130         875      914325
         339      180081         119         757      914469
         340      180073         103         686      914564
         341      180058          94         614      914660
         342      180047          88         552      914739
         343      180039          79         499      914809
         344      180034          69         464      914859
         345      180025          65         422      914914
         346      180016          63         384      914963
         347      180011          52         343      915020
         348      180004          46         315      915061
         349      180000          39         292      915095
         350      179993          43         259      915131
         351      179991          37         231      915167
         352      179988          33         204      915201
         353      179985          32         183      915226
         354      179984          24         171      915247
         355      179983          18         153      915272
         356      179981          16         134      915295
         357      179977          16         127      915306
         358      179976          12         117      915321
         359      179973          12         108      915333
         360      179971          13          96      915346
         361      179970          13          83      915360
         362      179970          11          68      915377
         363      179968          10          64      915384
         364      179967           9          61      915389
         365      179966           8          55      915397
         366      179966           6          48      915406
         367      179966           4          43      915413
         368      179966           4          40      915416
         369      179966           2          35      915423
         370      179966           1          32      915427
         371      179966           0          26      915434
         372      179966           0          22      915438
         373      179966           0          20      915440
         374      179965           1          19      915441
         375      179965           1          18      915442
         376      179965           1          15      915445
         377      179965           1          12      915448
         378      179965           1          10      915450
         379      179965           1           9      915451
         380      179964           2           6      915454
         381      179964           1           6      915455
         382      179961           4           5      915456
         383      179961           4           4      915457
         384      179961           4           2      915459
         385      179961           4           1      915460
         386      179961           3           2      915460
         387      179961           3           2      915460
         388      179961           2           3      915460
         389      179961           1           4      915460
         390      179961           0           5      915460
         391      179961           0           5      915460
         392      179961           0           5      915460
         393      179961           0           5      915460
         394      179961           0           4      915461
         395      179961           0           4      915461
         396      179961           0           4      915461
         397      179961           0           4      915461
         398      179961           0           4      915461
         399      179960           1           4      915461
         400      179960           1           3      915462
         401      179960           1           3      915462
         402      179960           1           0      915465
         403      179960           1           0      915465
         404      179960           1           0      915465
         405      179960           1           0      915465
         406      179960           0           1      915465
         407      179960           0           1      915465
         408      179960           0           1      915465
         409      179960           0           1      915465
         410      179960           0           1      915465
         411      179960           0           1      915465
         412      179960           0           1      915465
         413      179960           0           1      915465
         414      179960           0           1      915465
         415      179960           0           1      915465
         416      179960           0           1      915465
         417      179960           0           1      915465
         418      179960           0           1      915465
         419      179960           0           0      915466
           1     1095425           1           0           0
           2     1095425           1           0           0
           3     1095425           1           0           0
           4     1095425           1           0           0
           5     1095425           1           0           0
           6     1095425           1           0           0
           7     1095425           0           1           0
           8     1095424           1           1           0
           9     1095424           1           1           0
          10     1095424           1           1           0
          11     1095424           1           1           0
          12     1095424           1           1           0
          13     1095424           1           1           0
          14     1095424           0           2           0
          15     1095424           0           2           0
          16     1095424           0           2           0
          17     1095424           0           2           0
          18     1095424           0           2           0
          19     1095423           1           2           0
          20     1095423           1           2           0
          21     1095422           2           1           1
          22     1095422           2           1           1
          23     1095421           3           1           1
          24     1095421           3           1           1
          25     1095421           3           1           1
          26     1095421           2           2           1
          27     1095421           1           3           1
          28     1095421           1           2           2
          29     1095420           2           2           2
          30     1095419           2           3           2
          31     1095419           2           3           2
          32     1095418           3           3           2
          33     1095416           5           3           2
          34     1095414           7           3           2
          35     1095411          10           3           2
          36     1095410          10           4           2
          37     1095408          11           5           2
          38     1095408          11           5           2
          39     1095407          10           7           2
          40     1095406           9           9           2
          41     1095401          13           9           3
          42     1095399          12          11           4
          43     1095399          10          13           4
          44     1095395          13          13           5
          45     1095388          19          14           5
          46     1095387          19          15           5
          47     1095384          18          19           5
          48     1095379          20          22           5
          49     1095375          24          21           6
          50     1095372          27          21           6
          51     1095364          26          29           7
          52     1095356          31          31           8
          53     1095350          37          30           9
          54     1095343          39          32          12
          55     1095339          39          34          14
          56     1095336          39          35          16
          57     1095334          37          37          18
          58     1095321          37          50          18
          59     1095310          42          55          19
          60     1095306          42          58          20
          61     1095296          45          61          24
          62     1095282          55          62          27
          63     1095269          66          64          27
          64     1095249          79          68          30
          65     1095233          79          78          36
          66     1095217          91          80          38
          67     1095201         101          84          40
          68     1095183         108          92          43
          69     1095164         110         105          47
          70     1095145         115         113          53
          71     1095112         127         127          60
          72     1095088         137         136          65
          73     1095059         148         146          73
          74     1095032         159         155          80
          75     1094999         174         169          84
          76     1094964         195         181          86
          77     1094928         204         204          90
          78     1094884         220         222         100
          79     1094835         234         245         112
          80     1094783         258         267         118
          81     1094718         299         283         126
          82     1094660         324         303         139
          83     1094598         350         332         146
          84     1094521         383         356         166
          85     1094441         419         377         189
          86     1094366         444         419         197
          87     1094300         451         458         217
          88     1094214         472         505         235
          89     1094105         521         549         251
          90     1093989         570         593         274
          91     1093866         615         645         300
          92     1093728         677         695         326
          93     1093578         754         738         356
          94     1093437         824         782         383
          95     1093258         906         852         410
          96     1093070         978         937         441
          97     1092869        1051        1033         473
          98     1092672        1117        1120         517
          99     1092448        1202        1209         567
         100     1092205        1306        1297         618
         101     1091947        1408        1391         680
         102     1091660        1497        1529         740
         103     1091401        1560        1666         799
         104     1091073        1697        1791         865
         105     1090742        1816        1918         950
         106     1090342        1984        2073        1027
         107     1089938        2117        2279        1092
         108     1089435        2365        2460        1166
         109     1088949        2581        2627        1269
         110     1088387        2834        2832        1373
         111     1087824        3086        3015        1501
         112     1087212        3335        3245        1634
         113     1086565        3572        3520        1769
         114     1085866        3817        3832        1911
         115     1085070        4107        4169        2080
         116     1084238        4410        4508        2270
         117     1083312        4801        4854        2459
         118     1082312        5197        5266        2651
         119     1081198        5703        5661        2864
         120     1080056        6156        6119        3095
         121     1078796        6673        6602        3355
         122     1077465        7213        7120        3628
         123     1076067        7719        7753        3887
         124     1074448        8371        8417        4190
         125     1072775        8980        9167        4504
         126     1070941        9696        9929        4860
         127     1069019       10421       10696        5290
         128     1066888       11261       11516        5761
         129     1064622       12157       12400        6247
         130     1062165       13074       13417        6770
         131     1059528       14108       14448        7342
         132     1056681       15196       15621        7928
         133     1053627       16310       16938        8551
         134     1050448       17534       18239        9205
         135     1046954       18835       19705        9932
         136     1043134       20246       21285       10761
         137     1038958       21889       22926       11653
         138     1034802       23292       24709       12623
         139     1030235       24876       26632       13683
         140     1025401       26626       28606       14793
         141     1020302       28388       30756       15980
         142     1014928       30097       33130       17271
         143     1009098       31949       35739       18640
         144     1002921       33928       38407       20170
         145      996231       36306       41080       21809
         146      989321       38429       44107       23569
         147      981961       40861       47124       25480
         148      974316       43329       50292       27489
         149      966119       45918       53713       29676
         150      957818       48231       57341       32036
         151      948745       50852       61198       34631
         152      939436       53332       65323       37335
         153      929558       56098       69456       40314
         154      919416       58671       73973       43366
         155      908790       61463       78438       46735
         156      897920       63936       83125       50445
         157      886729       66439       87875       54383
         158      875186       68857       92856       58527
         159      863310       71153       98056       62907
         160      850916       73502      103325       67683
         161      838439       75661      108725       72601
         162      825475       77862      114287       77802
         163      812507       79856      119610       83453
         164      799281       81636      125116       89393
         165      786131       83050      130394       95851
         166      772796       84362      135511      102757
         167      759389       85301      140904      109832
         168      746003       85984      146113      117326
         169      732552       86392      151355      125127
         170      719018       86862      156140      133406
         171      705624       86984      160711      142107
         172      692355       87055      164747      151269
         173      679205       86875      168413      160933
         174      666562       86078      171845      170941
         175      653910       85332      174958      181226
         176      641325       84490      177554      192057
         177      629249       83026      180047      203104
         178      617243       81781      181996      214406
         179      605510       80251      183593      226072
         180      593877       79048      184048      238453
         181      582646       77525      184473      250782
         182      571694       75924      184254      263554
         183      561038       74187      183782      276419
         184      550666       72521      182647      289592
         185      540599       70687      181426      302714
         186      530780       68822      179812      316012
         187      521358       66919      177765      329384
         188      512055       64988      175617      342766
         189      502997       63390      172748      356291
         190      494414       61376      169957      369679
         191      485840       59752      166673      383161
         192      477614       58034      163279      396499
         193      469656       56514      159579      409677
         194      462034       54713      156177      422502
         195      454608       52960      152675      435183
         196      447348       51297      148935      447846
         197      440459       49684      145026      460257
         198      433627       48098      141424      472277
         199      426997       46639      137744      484046
         200      420565       45283      133776      495802
         201      414472       43818      130061      507075
         202      408587       42408      126257      518174
         203      402917       40994      122438      529077
         204      397262       39741      118758      539665
         205      391882       38431      115327      549786
         206      386687       37156      111818      559765
         207      381606       35962      108565      569293
         208      376740       34850      105103      578733
         209      371961       33853      101688      587924
         210      367450       32624       98710      596642
         211      363064       31483       95636      605243
         212      358770       30512       92501      613643
         213      354737       29383       89521      621785
         214      350692       28432       86714      629588
         215      346822       27490       83988      637126
         216      343127       26569       81176      644554
         217      339494       25799       78654      651479
         218      336078       24885       76048      658415
         219      332684       24106       73469      665167
         220      329525       23134       71124      671643
         221      326311       22445       68660      678010
         222      323252       21723       66551      683900
         223      320198       21100       64464      689664
         224      317183       20625       62269      695349
         225      314332       20042       60187      700865
         226      311554       19570       58186      706116
         227      308736       19198       56280      711212
         228      305916       18864       54416      716230
         229      303265       18482       52636      721043
         230      300500       18150       51039      725737
         231      297864       17877       49553      730132
         232      295194       17712       48007      734513
         233      292550       17592       46652      738632
         234      289898       17403       45425      742700
         235      287207       17376       44211      746632
         236      284578       17302       43138      750408
         237      281900       17288       42072      754166
         238      279180       17329       41271      757646
         239      276516       17343       40485      761082
         240      273781       17458       39875      764312
         241      271004       17587       39335      767500
         242      268224       17666       38906      770630
         243      265377       17844       38498      773707
         244      262506       18044       38168      776708
         245      259593       18240       37978      779615
         246      256707       18430       37864      782425
         247      253898       18440       37783      785305
         248      250955       18682       37691      788098
         249      248099       18677       37833      790817
         250      245234       18676       37990      793526
         251      242438       18611       38181      796196
         252      239609       18483       38417      798917
         253      236716       18570       38600      801540
         254      233959       18418       38823      804226
         255      231198       18326       39035      806867
         256      228443       18248       39190      809545
         257      225778       18065       39421      812162
         258      223206       17814       39532      814874
         259      220656       17498       39683      817589
         260      218270       17145       39708      820303
         261      215870       16736       39813      823007
         262      213551       16242       39836      825797
         263      211289       15788       39684      828665
         264      209141       15396       39378      831511
         265      207096       14854       39134      834342
         266      205170       14323       38667      837266
         267      203305       13791       38208      840122
         268      201537       13184       37734      842971
         269      199901       12540       37067      845918
         270      198346       11878       36439      848763
         271      196824       11307       35713      851582
         272      195433       10748       34833      854412
         273      194098       10159       33898      857271
         274      192898        9554       32935      860039
         275      191824        8929       31773      862900
         276      190783        8350       30685      865608
         277      189828        7729       29550      868319
         278      188886        7239       28355      870946
         279      188004        6762       27170      873490
         280      187241        6263       25934      875988
         281      186536        5854       24681      878355
         282      185842        5471       23372      880741
         283      185261        5035       22092      883038
         284      184705        4660       20814      885247
         285      184166        4280       19660      887320
         286      183749        3883       18476      889318
         287      183359        3505       17363      891199
         288      183005        3190       16211      893020
         289      182675        2899       15137      894715
         290      182391        2611       14075      896349
         291      182116        2303       13184      897823
         292      181856        2107       12174      899289
         293      181635        1925       11231      900635
         294      181424        1749       10332      901921
         295      181219        1612        9525      903070
         296      181049        1500        8744      904133
         297      180899        1372        8027      905128
         298      180742        1253        7367      906064
         299      180627        1120        6709      906970
         300      180516        1013        6107      907790
         301      180420         902        5575      908529
         302      180331         809        5062      909224
         303      180245         734        4601      909846
         304      180163         646        4173      910444
         305      180088         599        3736      911003
         306      180018         561        3366      911481
         307      179967         508        3075      911876
         308      179912         473        2796      912245
         309      179859         422        2560      912585
         310      179819         386        2343      912878
         311      179782         341        2125      913178
         312      179751         298        1943      913434
         313      179721         278        1748      913679
         314      179688         255        1583      913900
         315      179663         226        1435      914102
         316      179647         198        1299      914282
         317      179627         171        1182      914446
         318      179609         158        1052      914607
         319      179589         148         950      914739
         320      179571         130         877      914848
         321      179559         118         785      914964
         322      179549         108         713      915056
         323      179540          94         648      915144
         324      179528          92         584      915222
         325      179512          90         524      915300
         326      179503          76         473      915374
         327      179495          70         434      915427
         328      179494          59         387      915486
         329      179491          55         334      915546
         330      179487          47         302      915590
         331      179484          41         270      915631
         332      179476          32         258      915660
         333      179474          24         234      915694
         334      179468          26         211      915721
         335      179462          30         188      915746
         336      179458          32         169      915767
         337      179456          28         151      915791
         338      179452          27         140      915807
         339      179450          25         128      915823
         340      179449          23         108      915846
         341      179449          15         103      915859
         342      179448          12          97      915869
         343      179445          13          86      915882
         344      179444           9          79      915894
         345      179444           8          71      915903
         346      179444           7          57      915918
         347      179443           7          49      915927
         348      179441           8          47      915930
         349      179441           4          48      915933
         350      179441           4          43      915938
         351      179440           4          41      915941
         352      179440           4          36      915946
         353      179439           4          31      915952
         354      179439           4          27      915956
         355      179438           3          24      915961
         356      179438           3          19      915966
         357      179438           3          16      915969
         358      179437           4          12      915973
         359      179437           2          12      915975
         360      179436           3          11      915976
         361      179436           3          10      915977
         362      179436           2          10      915978
         363      179436           2           8      915980
         364      179436           2           6      915982
         365      179435           3           6      915982
         366      179435           1           8      915982
         367      179434           2           7      915983
         368      179434           2           6      915984
         369      179433           3           5      915985
         370      179433           3           5      915985
         371      179433           2           6      915985
         372      179433           2           6      915985
         373      179433           2           4      915987
         374      179433           1           5      915987
         375      179433           1           4      915988
         376      179433           1           4      915988
         377      179432           1           5      915988
         378      179431           2           4      915989
         379      179431           2           4      915989
         380      179431           2           3      915990
         381      179431           2           3      915990
         382      179431           2           3      915990
         383      179431           2           3      915990
         384      179431           0           5      915990
         385      179431           0           4      915991
         386      179430           1           4      915991
         387      179430           1           3      915992
         388      179430           1           3      915992
         389      179430           1           3      915992
         390      179430           1           2      915993
         391      179430           1           2      915993
         392      179430           0           3      915993
         393      179430           0           3      915993
         394      179430           0           3      915993
         395      179430           0           3      915993
         396      179430           0           3      915993
         397      179430           0           3      915993
         398      179430           0           2      915994
         399      179430           0           2      915994
         400      179430           0           2      915994
         401      179430           0           2      915994
         402      179430           0           2      915994
         403      179430           0           1      915995
         404      179430           0           1      915995
         405      179430           0           1      915995
         406      179430           0           1      915995
         407      179430           0           0      915996
           1     1095425           1           0           0
           2     1095425           1           0           0
           3     1095425           1           0           0
           4     1095425           1           0           0
           5     1095425           1           0           0
           6     1095425           1           0           0
           7     1095425           0           1           0
           8     1095424           1           1           0
           9     1095424           1           1           0
          10     1095424           1           1           0
          11     1095424           1           1           0
          12     1095424           1           1           0
          13     1095423           2           1           0
          14     1095422           3           1           0
          15     1095422           2           2           0
          16     1095422           2           2           0
          17     1095422           2           2           0
          18     1095421           3           2           0
          19     1095421           3           2           0
          20     1095421           1           4           0
          21     1095421           1           3           1
          22     1095421           1           3           1
          23     1095421           1           3           1
          24     1095421           1           3           1
          25     1095420           1           4           1
          26     1095418           3           4           1
          27     1095417           4           4           1
          28     1095416           5           4           1
          29     1095416           5           3           2
          30     1095416           5           3           2
          31     1095415           6           3           2
          32     1095415           3           6           2
          33     1095415           3           5           3
          34     1095414           3           5           4
          35     1095414           2           6           4
          36     1095414           2           6           4
          37     1095413           2           7           4
          38     1095411           4           7           4
          39     1095411           4           6           5
          40     1095411           4           6           5
          41     1095410           4           7           5
          42     1095410           4           7           5
          43     1095409           4           8           5
          44     1095407           4          10           5
          45     1095406           5          10           5
          46     1095406           5           7           8
          47     1095405           5           8           8
          48     1095403           7           7           9
          49     1095402           8           6          10
          50     1095402           6           8          10
          51     1095402           5           9          10
          52     1095397           9           9          11
          53     1095397           8          10          11
          54     1095396           8          11          11
          55     1095394           9          11          12
          56     1095392          10          12          12
          57     1095387          15          12          12
          58     1095385          16          12          13
          59     1095385          12          14          15
          60     1095385          11          15          15
          61     1095382          13          15          16
          62     1095380          13          17          16
          63     1095373          17          20          16
          64     1095369          17          22          18
          65     1095364          21          23          18
          66     1095361          24          21          20
          67     1095358          25          23          20
          68     1095351          31          22          22
          69     1095349          27          26          24
          70     1095344          27          31          24
          71     1095334          33          35          24
          72     1095327          36          35          28
          73     1095323          38          36          29
          74     1095314          37          45          30
          75     1095307          43          44          32
          76     1095299          48          45          34
          77     1095288          53          49          36
          78     1095282          51          53          40
          79     1095269          55          61          41
          80     1095260          57          68          41
          81     1095248          62          73          43
          82     1095228          75          78          45
          83     1095208          83          83          52
          84     1095187          97          87          55
          85     1095176          98          93          59
          86     1095158         107          98          63
          87     1095145         111         104          66
          88     1095122         118         115          71
          89     1095090         129         131          76
          90     1095059         143         144          80
          91     1095027         157         159          83
          92     1094992         178         163          93
          93     1094963         188         174         101
          94     1094927         207         184         108
          95     1094874         228         210         114
          96     1094838         239         223         126
          97     1094793         251         248         134
          98     1094748         263         274         141
          99     1094697         280         299         150
         100     1094648         295         323         160
         101     1094590         311         353         172
         102     1094524         335         376         191
         103     1094457         356         403         210
         104     1094368         408         423         227
         105     1094291         430         460         245
         106     1094201         470         491         264
         107     1094094         519         540         273
         108     1093975         592         566         293
         109     1093884         612         612         318
         110     1093766         655         653         352
         111     1093639         691         710         386
         112     1093517         723         764         422
         113     1093361         788         825         452
         114     1093203         834         903         486
         115     1093044         889         968         525
         116     1092875         951        1037         563
         117     1092682        1023        1118         603
         118     1092472        1102        1206         646
         119     1092260        1178        1282         706
         120     1092017        1265        1389         755
         121     1091786        1341        1489         810
         122     1091516        1454        1586         870
         123     1091197        1577        1720         932
         124     1090904        1676        1831        1015
         125     1090602        1762        1965        1097
         126     1090269        1854        2122        1181
         127     1089918        1985        2240        1283
         128     1089543        2100        2396        1387
         129     1089135        2221        2568        1502
         130     1088671        2378        2776        1601
         131     1088200        2554        2957        1715
         132     1087684        2750        3160        1832
         133     1087100        2989        3352        1985
         134     1086523        3211        3547        2145
         135     1085920        3418        3794        2294
         136     1085302        3614        4053        2457
         137     1084638        3774        4372        2642
         138     1083882        4060        4625        2859
         139     1083101        4297        4972        3056
         140     1082278        4520        5335        3293
         141     1081376        4849        5673        3528
         142     1080413        5224        6010        3779
         143     1079373        5608        6374        4071
         144     1078298        5988        6764        4376
         145     1077139        6379        7240        4668
         146     1075881        6812        7727        5006
         147     1074562        7259        8269        5336
         148     1073127        7763        8830        5706
         149     1071530        8351        9471        6074
         150     1069830        8975       10098        6523
         151     1068055        9681       10697        6993
         152     1066186       10337       11416        7487
         153     1064063       11188       12136        8039
         154     1061904       11989       12920        8613
         155     1059569       12795       13860        9202
         156     1057051       13675       14907        9793
         157     1054364       14564       16056       10442
         158     1051410       15669       17193       11154
         159     1048293       16798       18389       11946
         160     1044946       18058       19682       12740
         161     1041299       19452       21094       13581
         162     1037390       20930       22595       14511
         163     1033234       22491       24168       15533
         164     1028836       24008       25987       16595
         165     1024112       25734       27900       17680
         166     1019112       27575       29854       18885
         167     1013746       29436       32062       20182
         168     1008114       31223       34516       21573
         169     1002025       33348       36970       23083
         170      995564       35477       39672       24713
         171      988763       37692       42470       26501
         172      981581       40030       45534       28281
         173      974072       42309       48731       30314
         174      965948       44961       52122       32395
         175      957429       47661       55595       34741
         176      948545       50211       59515       37155
         177      939270       52824       63597       39735
         178      929464       55784       67650       42528
         179      919288       58454       72132       45552
         180      908637       61307       76674       48808
         181      897613       64120       81429       52264
         182      886178       66733       86465       56050
         183      874590       69266       91428       60142
         184      862305       72106       96625       64390
         185      849940       74490      102045       68951
         186      837204       76727      107693       73802
         187      824114       79001      113294       79017
         188      810682       81143      119114       84487
         189      797143       83188      124755       90340
         190      783498       84953      130368       96607
         191      769800       86358      135998      103270
         192      756171       87385      141622      110248
         193      742360       88257      147195      117614
         194      728393       88948      152687      125398
         195      714653       89353      157689      133731
         196      700893       89401      162684      142448
         197      687343       89244      167246      151593
         198      674075       88936      171379      161036
         199      661140       88105      175106      171075
         200      648609       86765      178656      181396
         201      636033       85438      181588      192367
         202      623706       84119      184031      203570
         203      611942       82142      186341      215001
         204      600283       80366      187874      226903
         205      589026       78548      188627      239225
         206      578052       76849      188778      251747
         207      567478       74777      188429      264742
         208      557197       72685      187371      278173
         209      547469       70328      186152      291477
         210      538103       68069      184089      305165
         211      528894       65637      182208      318687
         212      520034       63564      179301      332527
         213      511668       61113      176503      346142
         214      503525       58852      173006      360043
         215      495610       56756      169090      373970
         216      487930       54857      164965      387674
         217      480506       52940      160627      401353
         218      473292       51147      156207      414780
         219      466449       49476      151692      427809
         220      459761       47959      147093      440613
         221      453350       46200      142754      453122
         222      446908       44778      138116      465624
         223      440865       43383      133574      477604
         224      435032       41884      129089      489421
         225      429277       40605      124771      500773
         226      423741       39368      120371      511946
         227      418428       38071      116224      522703
         228      413193       36941      112250      533042
         229      408135       35730      108576      542985
         230      403290       34632      104922      552582
         231      398558       33668      101145      562055
         232      393872       32635       97893      571026
         233      389432       31617       94764      579613
         234      385060       30733       91784      587849
         235      380665       29996       88833      595932
         236      376499       29260       85955      603712
         237      372384       28550       83244      611248
         238      368584       27654       80656      618532
         239      364640       27035       78270      625481
         240      361007       26208       75999      632212
         241      357354       25500       73721      638851
         242      353860       24725       71485      645356
         243      350423       24025       69456      651522
         244      347025       23538       67380      657483
         245      343752       22833       65572      663269
         246      340604       22266       63661      668895
         247      337609       21577       61825      674415
         248      334616       20962       60246      679602
         249      331633       20509       58577      684707
         250      328824       19907       56988      689707
         251      326048       19367       55532      694479
         252      323154       19013       54029      699230
         253      320412       18708       52580      703726
         254      317729       18403       51122      708172
         255      315045       18079       49732      712570
         256      312461       17812       48299      716854
         257      309971       17455       47066      720934
         258      307448       17082       45980      724916
         259      304924       16919       44701      728882
         260      302386       16728       43776      732536
         261      299879       16516       42828      736203
         262      297364       16366       41867      739829
         263      294896       16349       40899      743282
         264      292409       16310       40015      746692
         265      290016       16223       39138      750049
         266      287562       16097       38523      753244
         267      285129       16011       37980      756306
         268      282633       15998       37469      759326
         269      280007       16092       37006      762321
         270      277465       16168       36636      765157
         271      274843       16356       36158      768069
         272      272184       16607       35798      770837
         273      269578       16766       35501      773581
         274      266991       16898       35165      776372
         275      264346       17011       35019      779050
         276      261749       16996       35028      781653
         277      259039       17111       35107      784169
         278      256295       17217       35199      786715
         279      253536       17355       35306      789229
         280      250787       17498       35370      791771
         281      247997       17654       35483      794292
         282      245194       17829       35619      796784
         283      242346       18044       35786      799250
         284      239627       18009       35998      801792
         285      236967       17959       36296      804204
         286      234251       17888       36619      806668
         287      231562       17794       37033      809037
         288      228941       17612       37288      811585
         289      226370       17358       37532      814166
         290      223744       17238       37692      816752
         291      221205       17170       37727      819324
         292      218794       16820       37844      821968
         293      216452       16436       38016      824522
         294      214240       16008       38060      827118
         295      212039       15588       38069      829730
         296      209854       15168       37989      832415
         297      207711       14729       37944      835042
         298      205784       14243       37577      837822
         299      203920       13706       37343      840457
         300      202092       13228       36881      843225
         301      200378       12700       36282      846066
         302      198701       12232       35696      848797
         303      197160       11615       34994      851657
         304      195732       10992       34269      854433
         305      194414       10447       33471      857094
         306      193222        9800       32584      859820
         307      192009        9240       31678      862499
         308      190934        8657       30641      865194
         309      189946        7961       29788      867731
         310      189005        7458       28616      870347
         311      188151        6949       27344      872982
         312      187400        6428       26168      875430
         313      186701        5909       24994      877822
         314      186086        5381       23831      880128
         315      185501        4937       22659      882329
         316      184967        4491       21500      884468
         317      184459        4131       20211      886625
         318      184008        3764       18941      888713
         319      183547        3508       17775      890596
         320      183160        3231       16639      892396
         321      182794        2973       15471      894188
         322      182516        2721       14303      895886
         323      182236        2477       13241      897472
         324      181999        2254       12196      898977
         325      181774        2019       11298      900335
         326      181560        1792       10483      901591
         327      181392        1585        9638      902811
         328      181218        1431        8811      903966
         329      181068        1311        8047      905000
         330      180943        1191        7333      905959
         331      180815        1065        6680      906866
         332      180717         949        6130      907630
         333      180638         837        5590      908361
         334      180554         749        5102      909021
         335      180467         669        4645      909645
         336      180404         607        4216      910199
         337      180345         530        3857      910694
         338      180283         485        3478      911180
         339      180243         434        3099      911650
         340      180197         393        2763      912073
         341      180160         352        2472      912442
         342      180124         310        2222      912770
         343      180095         286        1996      913049
         344      180068         252        1801      913305
         345      180035         230        1632      913529
         346      180021         200        1434      913771
         347      179995         183        1308      913940
         348      179973         168        1153      914132
         349      179952         166        1024      914284
         350      179935         150         918      914423
         351      179930         121         839      914536
         352      179919         112         742      914653
         353      179907         102         670      914747
         354      179898          84         613      914831
         355      179888          74         549      914915
         356      179878          61         493      914994
         357      179873          59         440      915054
         358      179869          54         387      915116
         359      179865          47         351      915163
         360      179863          42         320      915201
         361      179855          38         292      915241
         362      179850          32         265      915279
         363      179846          28         239      915313
         364      179844          27         212      915343
         365      179839          30         182      915375
         366      179835          29         164      915398
         367      179829          28         149      915420
         368      179828          23         138      915437
         369      179826          22         116      915462
         370      179825          19          98      915484
         371      179823          17          93      915493
         372      179823          13          87      915503
         373      179820          11          81      915514
         374      179818          10          77      915521
         375      179818          10          67      915531
         376      179817          10          60      915539
         377      179816           7          56      915547
         378      179815           8          48      915555
         379      179814           9          45      915558
         380      179814           7          44      915561
         381      179814           4          39      915569
         382      179813           4          36      915573
         383      179813           4          30      915579
         384      179812           3          30      915581
         385      179812           2          27      915585
         386      179811           3          22      915590
         387      179810           4          19      915593
         388      179810           4          14      915598
         389      179809           5          13      915599
         390      179809           4          12      915601
         391      179809           3          11      915603
         392      179809           3          11      915603
         393      179808           2          12      915604
         394      179808           2           9      915607
         395      179808           1           9      915608
         396      179808           1           8      915609
         397      179808           1           8      915609
         398      179808           1           6      915611
         399      179808           1           6      915611
         400      179808           0           6      915612
         401      179808           0           6      915612
         402      179808           0           6      915612
         403      179808           0           5      915613
         404      179808           0           5      915613
         405      179808           0           4      915614
         406      179808           0           4      915614
         407      179808           0           2      915616
         408      179808           0           2      915616
         409      179808           0           1      915617
         410      179808           0           1      915617
         411      179808           0           1      915617
         412      179808           0           1      915617
         413      179808           0           0      915618
