 #time average_recover sd_R average_infected sd_I
          25   1.0000000000000000        0.0000000000000000        184.59999999999999        78.886247217116377     
          26   1.0000000000000000        0.0000000000000000        231.69999999999999        99.500804016852101     
          27   1.0000000000000000        0.0000000000000000        288.30000000000001        122.48759120825262     
          28   1.0000000000000000        0.0000000000000000        364.00000000000000        152.46442207938216     
          29   1.0000000000000000        0.0000000000000000        465.80000000000001        199.81131099114484     
          30   1.0000000000000000        0.0000000000000000        590.89999999999998        256.31092446479914     
          31   2.0000000000000000        1.1832159566199234        755.79999999999995        332.58346320886147     
          32   3.1000000000000001        1.7578395831246940        963.00000000000000        427.53526170363995     
          33   4.2000000000000002        2.2715633383201093        1220.7000000000000        537.58051489986110     
          34   5.5999999999999996        2.7276363393971712        1543.0999999999999        667.01236120479825     
          35   6.4000000000000004        3.0724582991474416        1948.0000000000000        846.35772578738852     
          36   7.5000000000000000        3.7215588131856783        2467.6999999999998        1053.0127302174465     
          37   8.5000000000000000        4.1533119314590374        3110.1999999999998        1331.1168092996199     
          38   10.199999999999999        4.4226688774991967        3938.3000000000002        1694.9689112193178     
          39   13.900000000000000        6.3631753079732123        5002.1999999999998        2169.5497597427907     
          40   18.399999999999999        9.0133234713950028        6340.1999999999998        2771.2961877071175     
          41   24.000000000000000        11.162437009900662        8033.6000000000004        3488.3452294748577     
          42   30.899999999999999        13.545848072379965        10125.799999999999        4351.9185148621546     
          43   39.700000000000003        15.369124893760210        12763.000000000000        5412.4465447706725     
          44   49.500000000000000        20.021238722916220        16134.600000000000        6796.4882579167297     
          45   61.600000000000001        25.753446371311156        20322.900000000001        8502.1388656031668     
          46   78.200000000000003        33.558307466259365        25549.900000000001        10670.139665908779     
          47   100.80000000000000        44.122103304353026        32098.299999999999        13226.773764225345     
          48   129.19999999999999        54.777367589178695        40226.000000000000        16273.257098688016     
          49   165.90000000000001        69.183018147519391        50208.900000000001        19811.048414710414     
          50   210.50000000000000        86.261520969665284        62414.900000000001        23878.854099181564     
          51   261.19999999999999        112.21835856935355        77300.100000000006        28662.732512619921     
          52   327.10000000000002        137.46595942268758        95095.899999999994        33796.054531409449     
          53   418.00000000000000        177.52464617624224        116316.39999999999        39282.898628283547     
          54   530.10000000000002        231.55882621917047        141148.70000000001        44694.664006008556     
          55   673.00000000000000        298.46138778743216        169729.70000000001        49801.977458831869     
          56   861.29999999999995        381.38197387920695        201901.50000000000        54011.807707667016     
          57   1094.0000000000000        481.99854771565452        237120.70000000001        57049.405933892034     
          58   1391.2000000000000        599.83227655737232        274596.20000000001        58337.816835737038     
          59   1750.0999999999999        759.52267247265263        313522.09999999998        57837.562141656745     
          60   2218.0000000000000        949.22947699700080        352067.40000000002        55583.230453437878     
          61   2793.9000000000001        1188.3111924071061        389433.00000000000        51944.345284159659     
          62   3530.9000000000001        1521.4107565020038        423926.00000000000        47505.138391546723     
          63   4473.8999999999996        1922.5554062237070        454875.00000000000        43108.045641156132     
          64   5676.3999999999996        2474.4904202683833        482051.59999999998        39061.399361006501     
          65   7208.8999999999996        3133.5655234891783        505790.50000000000        35682.744326214510     
          66   9104.2000000000007        3925.7802740347033        531052.80000000005        32307.765610762202     
          67   11458.299999999999        4884.5786113031290        553129.69999999995        29193.566479792404     
          68   14482.500000000000        6103.4207171061043        572458.19999999995        26217.086256105402     
          69   18256.799999999999        7651.9159143315228        589901.90000000002        23270.552285881429     
          70   22971.200000000001        9596.2573308556075        605573.40000000002        20311.251547847598     
          71   28907.000000000000        12001.159802285778        619439.00000000000        17318.353882514708     
          72   36253.599999999999        14804.608067760531        631347.30000000005        14466.032877398036     
          73   45316.400000000001        18099.910105854120        641651.50000000000        12047.226678784808     
          74   56436.699999999997        21860.131738166634        649591.19999999995        10887.037134136110     
          75   70012.899999999994        26356.221054809830        654275.19999999995        11847.960118099782     
          76   86336.899999999994        31307.262392135177        655402.30000000005        15267.785222814256     
          77   105942.50000000000        36631.570412009372        652235.30000000005        20351.938050463697     
          78   129053.00000000000        42148.670849743314        644525.40000000002        26282.655250944073     
          79   155872.60000000001        47448.778031051545        632054.00000000000        32510.683114938936     
          80   186331.79999999999        52225.140131549691        614890.30000000005        38322.731074519579     
          81   220277.70000000001        55995.009924188678        593204.80000000005        43332.408261715027     
          82   256882.29999999999        58179.701664841945        567902.19999999995        46722.302937248394     
          83   295352.90000000002        58635.351276256355        539735.30000000005        48437.205346819894     
          84   334394.50000000000        57487.110700138634        510034.00000000000        48574.220327247596     
          85   372903.50000000000        54676.930069728733        480042.40000000002        47023.810028962820     
          86   409411.00000000000        51044.294229619765        451398.20000000001        44706.623370144756     
          87   442955.40000000002        47016.762766485510        425287.40000000002        42040.805152137567     
          88   473071.70000000001        43255.843623838678        402250.70000000001        39679.668514366058     
          89   499863.20000000001        40160.901841965395        382473.20000000001        37979.076797099551     
          90   526073.09999999998        37549.430891693140        363273.29999999999        36579.184632930504     
          91   551765.40000000002        35163.562755215142        344663.29999999999        35154.371019974140     
          92   575301.09999999998        33092.250193814485        328308.29999999999        33718.960850091418     
          93   597267.40000000002        31437.781242320561        313623.09999999998        32397.388281928233     
          94   618237.30000000005        30015.506349385032        299969.50000000000        30965.726796734532     
          95   638392.50000000000        28725.495032287530        287170.09999999998        29259.199399334575     
          96   657955.09999999998        27636.024730233465        274822.79999999999        27450.615420423761     
          97   677470.59999999998        26620.378348926643        262378.79999999999        25504.442533801965     
          98   696798.00000000000        25594.930326141239        249923.20000000001        23359.873911474693     
          99   715411.19999999995        24570.534523287661        237914.89999999999        21378.073123881055     
         100   733288.30000000005        23368.351247145118        226258.50000000000        19461.331862182466     
         101   750157.90000000002        22025.941080689157        215246.79999999999        17751.657504582599     
         102   766048.59999999998        20627.442746011689        204640.39999999999        16225.982954508610     
         103   780891.19999999995        19036.818362323767        194514.20000000001        14882.552817309032     
         104   794672.09999999998        17594.588687721229        184719.10000000001        13779.093369666967     
         105   807399.50000000000        16204.933046762299        175208.89999999999        12967.900134177446     
         106   819230.30000000005        15067.242946534303        165864.79999999999        12505.653431948374     
         107   829995.19999999995        14273.772401157958        156893.70000000001        12394.520725304319     
         108   839797.19999999995        13850.934465228640        148324.10000000001        12583.100368748530     
         109   848708.69999999995        13812.470604858603        140182.50000000000        13010.024582989899     
         110   856889.30000000005        14257.141081224403        132461.89999999999        13773.842502729756     
         111   864553.00000000000        15062.269543466842        125066.00000000000        14788.823144523705     
         112   871774.50000000000        16083.626545340314        117994.10000000001        15934.136063495826     
         113   878859.40000000002        17287.185093012205        110988.00000000000        17206.852228109601     
         114   885867.30000000005        18577.697204172320        104024.10000000001        18538.781893371481     
         115   892921.09999999998        19758.868583247964        96988.699999999997        19737.614876423195     
         116   900043.09999999998        20721.811954799308        89877.199999999997        20711.515733040906     
         117   907277.40000000002        21446.266725002311        82649.699999999997        21443.154297117788     
         118   914583.00000000000        21948.088996538529        75345.500000000000        21946.470719685207     
         119   921954.40000000002        22071.406154570548        67975.000000000000        22070.760059408927     
         120   929211.80000000005        21845.762654570768        60717.900000000001        21845.450306413913     
         121   936363.80000000005        21285.612163147012        53566.099999999999        21285.514799741159     
         122   943350.19999999995        20365.957236526698        46579.800000000003        20365.957236525843     
         123   950070.90000000002        19077.738096794717        39859.099999999999        19077.738096797537     
         124   956498.40000000002        17584.765276794737        33431.599999999999        17584.765276795712     
         125   962542.30000000005        15799.380994517998        27387.700000000001        15799.380994520005     
         126   968103.80000000005        13772.415211570107        21826.200000000001        13772.415211574185     
         127   973105.80000000005        11584.967266238367        16824.200000000001        11584.967266246373     
         128   977427.80000000005        9398.8422563573058        12502.200000000001        9398.8422563632794     
         129   981021.30000000005        7292.3772125358482        8908.7000000000007        7292.3772125418736     
         130   983847.80000000005        5415.4798642329115        6082.1999999999998        5415.4798642410260     
         131   985978.40000000002        3797.1802485483645        3951.5999999999999        3797.1802485528651     
         132   987508.40000000002        2502.6363778954824        2421.5999999999999        2502.6363779023113     
         133   988501.80000000005        1561.7417071693096        1428.2000000000000        1561.7417071974482     
         134   989114.50000000000        947.38020350860188        815.50000000000000        947.38020350860188     
         135   989480.59999999998        552.52134797292706        449.39999999999998        552.52134800385772     
         136   989692.00000000000        313.02587744653295        238.00000000000000        313.02587752452672     
         137   989804.19999999995        180.74390752504459        125.80000000000000        180.74390722787865     
         138   989869.09999999998        94.897260826141277        60.899999999999999        94.897260234424053     
         139   989899.40000000002        52.881377284225138        30.600000000000001        52.881376684046344     
         140   989914.59999999998        26.985924336673879        15.400000000000000        26.985922255872598     
         141   989923.50000000000        11.681179357063010        6.5000000000000000        11.681181447096865     
         142   989927.50000000000        4.4328348056365128        2.5000000000000000        4.4328320518603004     
         143   989929.00000000000        1.8973601624197500        1.0000000000000000        1.8973665961010275     
         144   989929.50000000000        1.0247189020043497       0.50000000000000000        1.0246950765959599     
         145   989929.80000000005       0.39989012162717896       0.20000000000000001       0.40000000000000002     
         146   989930.00000000000        0.0000000000000000        0.0000000000000000        0.0000000000000000     
         147   989930.00000000000        0.0000000000000000        0.0000000000000000        0.0000000000000000     
         148   989930.00000000000        0.0000000000000000        0.0000000000000000        0.0000000000000000     
         149   989930.00000000000        0.0000000000000000        0.0000000000000000        0.0000000000000000     
         150   989930.00000000000        0.0000000000000000        0.0000000000000000        0.0000000000000000     
         151   989930.00000000000        0.0000000000000000        0.0000000000000000        0.0000000000000000     
         152   989930.00000000000        0.0000000000000000        0.0000000000000000        0.0000000000000000     
         153   989930.00000000000        0.0000000000000000        0.0000000000000000        0.0000000000000000     
         154   989930.00000000000        0.0000000000000000        0.0000000000000000        0.0000000000000000     
         155   989930.00000000000        0.0000000000000000        0.0000000000000000        0.0000000000000000     
         156   989930.00000000000        0.0000000000000000        0.0000000000000000        0.0000000000000000     
         157   989930.00000000000        0.0000000000000000        0.0000000000000000        0.0000000000000000     
         158   989930.00000000000        0.0000000000000000        0.0000000000000000        0.0000000000000000     
         159   989930.00000000000        0.0000000000000000        0.0000000000000000        0.0000000000000000     
         160   989930.00000000000        0.0000000000000000        0.0000000000000000        0.0000000000000000     
         161   989930.00000000000        0.0000000000000000        0.0000000000000000        0.0000000000000000     
         162   989930.00000000000        0.0000000000000000        0.0000000000000000        0.0000000000000000     
         163   989930.00000000000        0.0000000000000000        0.0000000000000000        0.0000000000000000     
         164   989930.00000000000        0.0000000000000000        0.0000000000000000        0.0000000000000000     
         165   989930.00000000000        0.0000000000000000        0.0000000000000000        0.0000000000000000     
         166   989930.00000000000        0.0000000000000000        0.0000000000000000        0.0000000000000000     
         167   989930.00000000000        0.0000000000000000        0.0000000000000000        0.0000000000000000     
         168   989930.00000000000        0.0000000000000000        0.0000000000000000        0.0000000000000000     
         169   989930.00000000000        0.0000000000000000        0.0000000000000000        0.0000000000000000     
         170   989930.00000000000        0.0000000000000000        0.0000000000000000        0.0000000000000000     
         171   989930.00000000000        0.0000000000000000        0.0000000000000000        0.0000000000000000     
         172   989930.00000000000        0.0000000000000000        0.0000000000000000        0.0000000000000000     
         173   989930.00000000000        0.0000000000000000        0.0000000000000000        0.0000000000000000     
         174   989930.00000000000        0.0000000000000000        0.0000000000000000        0.0000000000000000     
         175   989930.00000000000        0.0000000000000000        0.0000000000000000        0.0000000000000000     
         176   989930.00000000000        0.0000000000000000        0.0000000000000000        0.0000000000000000     
         177   989930.00000000000        0.0000000000000000        0.0000000000000000        0.0000000000000000     
         178   989930.00000000000        0.0000000000000000        0.0000000000000000        0.0000000000000000     
         179   989930.00000000000        0.0000000000000000        0.0000000000000000        0.0000000000000000     
         180   989930.00000000000        0.0000000000000000        0.0000000000000000        0.0000000000000000     
         181   989930.00000000000        0.0000000000000000        0.0000000000000000        0.0000000000000000     
         182   989930.00000000000        0.0000000000000000        0.0000000000000000        0.0000000000000000     
         183   989930.00000000000        0.0000000000000000        0.0000000000000000        0.0000000000000000     
         184   989930.00000000000        0.0000000000000000        0.0000000000000000        0.0000000000000000     
         185   989930.00000000000        0.0000000000000000        0.0000000000000000        0.0000000000000000     
         186   989930.00000000000        0.0000000000000000        0.0000000000000000        0.0000000000000000     
         187   989930.00000000000        0.0000000000000000        0.0000000000000000        0.0000000000000000     
         188   989930.00000000000        0.0000000000000000        0.0000000000000000        0.0000000000000000     
         189   989930.00000000000        0.0000000000000000        0.0000000000000000        0.0000000000000000     
         190   989930.00000000000        0.0000000000000000        0.0000000000000000        0.0000000000000000     
         191   989930.00000000000        0.0000000000000000        0.0000000000000000        0.0000000000000000     
         192   989930.00000000000        0.0000000000000000        0.0000000000000000        0.0000000000000000     
         193   989930.00000000000        0.0000000000000000        0.0000000000000000        0.0000000000000000     
         194   989930.00000000000        0.0000000000000000        0.0000000000000000        0.0000000000000000     
         195   989930.00000000000        0.0000000000000000        0.0000000000000000        0.0000000000000000     
         196   989930.00000000000        0.0000000000000000        0.0000000000000000        0.0000000000000000     
         197   989930.00000000000        0.0000000000000000        0.0000000000000000        0.0000000000000000     
         198   989930.00000000000        0.0000000000000000        0.0000000000000000        0.0000000000000000     
         199   989930.00000000000        0.0000000000000000        0.0000000000000000        0.0000000000000000     
         200   989930.00000000000        0.0000000000000000        0.0000000000000000        0.0000000000000000     
         201   989930.00000000000        0.0000000000000000        0.0000000000000000        0.0000000000000000     
         202   989930.00000000000        0.0000000000000000        0.0000000000000000        0.0000000000000000     
         203   989930.00000000000        0.0000000000000000        0.0000000000000000        0.0000000000000000     
         204   989930.00000000000        0.0000000000000000        0.0000000000000000        0.0000000000000000     
         205   989930.00000000000        0.0000000000000000        0.0000000000000000        0.0000000000000000     
         206   989930.00000000000        0.0000000000000000        0.0000000000000000        0.0000000000000000     
         207   989930.00000000000        0.0000000000000000        0.0000000000000000        0.0000000000000000     
         208   989930.00000000000        0.0000000000000000        0.0000000000000000        0.0000000000000000     
         209   989930.00000000000        0.0000000000000000        0.0000000000000000        0.0000000000000000     
         210   989930.00000000000        0.0000000000000000        0.0000000000000000        0.0000000000000000     
         211   989930.00000000000        0.0000000000000000        0.0000000000000000        0.0000000000000000     
         212   989930.00000000000        0.0000000000000000        0.0000000000000000        0.0000000000000000     
         213   989930.00000000000        0.0000000000000000        0.0000000000000000        0.0000000000000000     
         214   989930.00000000000        0.0000000000000000        0.0000000000000000        0.0000000000000000     
         215   989930.00000000000        0.0000000000000000        0.0000000000000000        0.0000000000000000     
         216   989930.00000000000        0.0000000000000000        0.0000000000000000        0.0000000000000000     
         217   989930.00000000000        0.0000000000000000        0.0000000000000000        0.0000000000000000     
         218   989930.00000000000        0.0000000000000000        0.0000000000000000        0.0000000000000000     
         219   989930.00000000000        0.0000000000000000        0.0000000000000000        0.0000000000000000     
         220   989930.00000000000        0.0000000000000000        0.0000000000000000        0.0000000000000000     
         221   989930.00000000000        0.0000000000000000        0.0000000000000000        0.0000000000000000     
         222   989930.00000000000        0.0000000000000000        0.0000000000000000        0.0000000000000000     
         223   989930.00000000000        0.0000000000000000        0.0000000000000000        0.0000000000000000     
         224   989930.00000000000        0.0000000000000000        0.0000000000000000        0.0000000000000000     
         225   989930.00000000000        0.0000000000000000        0.0000000000000000        0.0000000000000000     
         226   989930.00000000000        0.0000000000000000        0.0000000000000000        0.0000000000000000     
         227   989930.00000000000        0.0000000000000000        0.0000000000000000        0.0000000000000000     
         228   989930.00000000000        0.0000000000000000        0.0000000000000000        0.0000000000000000     
         229   989930.00000000000        0.0000000000000000        0.0000000000000000        0.0000000000000000     
         230   989930.00000000000        0.0000000000000000        0.0000000000000000        0.0000000000000000     
         231   989930.00000000000        0.0000000000000000        0.0000000000000000        0.0000000000000000     
         232   989930.00000000000        0.0000000000000000        0.0000000000000000        0.0000000000000000     
         233   989930.00000000000        0.0000000000000000        0.0000000000000000        0.0000000000000000     
         234   989930.00000000000        0.0000000000000000        0.0000000000000000        0.0000000000000000     
         235   989930.00000000000        0.0000000000000000        0.0000000000000000        0.0000000000000000     
         236   989930.00000000000        0.0000000000000000        0.0000000000000000        0.0000000000000000     
         237   989930.00000000000        0.0000000000000000        0.0000000000000000        0.0000000000000000     
         238   989930.00000000000        0.0000000000000000        0.0000000000000000        0.0000000000000000     
         239   989930.00000000000        0.0000000000000000        0.0000000000000000        0.0000000000000000     
         240   989930.00000000000        0.0000000000000000        0.0000000000000000        0.0000000000000000     
         241   989930.00000000000        0.0000000000000000        0.0000000000000000        0.0000000000000000     
         242   989930.00000000000        0.0000000000000000        0.0000000000000000        0.0000000000000000     
         243   989930.00000000000        0.0000000000000000        0.0000000000000000        0.0000000000000000     
         244   989930.00000000000        0.0000000000000000        0.0000000000000000        0.0000000000000000     
         245   989930.00000000000        0.0000000000000000        0.0000000000000000        0.0000000000000000     
         246   989930.00000000000        0.0000000000000000        0.0000000000000000        0.0000000000000000     
         247   989930.00000000000        0.0000000000000000        0.0000000000000000        0.0000000000000000     
         248   989930.00000000000        0.0000000000000000        0.0000000000000000        0.0000000000000000     
         249   989930.00000000000        0.0000000000000000        0.0000000000000000        0.0000000000000000     
         250   989930.00000000000        0.0000000000000000        0.0000000000000000        0.0000000000000000     
         251   989930.00000000000        0.0000000000000000        0.0000000000000000        0.0000000000000000     
         252   989930.00000000000        0.0000000000000000        0.0000000000000000        0.0000000000000000     
         253   989930.00000000000        0.0000000000000000        0.0000000000000000        0.0000000000000000     
         254   989930.00000000000        0.0000000000000000        0.0000000000000000        0.0000000000000000     
         255   989930.00000000000        0.0000000000000000        0.0000000000000000        0.0000000000000000     
         256   989930.00000000000        0.0000000000000000        0.0000000000000000        0.0000000000000000     
         257   989930.00000000000        0.0000000000000000        0.0000000000000000        0.0000000000000000     
         258   989930.00000000000        0.0000000000000000        0.0000000000000000        0.0000000000000000     
         259   989930.00000000000        0.0000000000000000        0.0000000000000000        0.0000000000000000     
         260   989930.00000000000        0.0000000000000000        0.0000000000000000        0.0000000000000000     
         261   989930.00000000000        0.0000000000000000        0.0000000000000000        0.0000000000000000     
         262   989930.00000000000        0.0000000000000000        0.0000000000000000        0.0000000000000000     
         263   989930.00000000000        0.0000000000000000        0.0000000000000000        0.0000000000000000     
         264   989930.00000000000        0.0000000000000000        0.0000000000000000        0.0000000000000000     
         265   989930.00000000000        0.0000000000000000        0.0000000000000000        0.0000000000000000     
         266   989930.00000000000        0.0000000000000000        0.0000000000000000        0.0000000000000000     
         267   989930.00000000000        0.0000000000000000        0.0000000000000000        0.0000000000000000     
         268   989930.00000000000        0.0000000000000000        0.0000000000000000        0.0000000000000000     
         269   989930.00000000000        0.0000000000000000        0.0000000000000000        0.0000000000000000     
         270   989930.00000000000        0.0000000000000000        0.0000000000000000        0.0000000000000000     
         271   989930.00000000000        0.0000000000000000        0.0000000000000000        0.0000000000000000     
         272   989930.00000000000        0.0000000000000000        0.0000000000000000        0.0000000000000000     
         273   989930.00000000000        0.0000000000000000        0.0000000000000000        0.0000000000000000     
         274   989930.00000000000        0.0000000000000000        0.0000000000000000        0.0000000000000000     
         275   989930.00000000000        0.0000000000000000        0.0000000000000000        0.0000000000000000     
         276   989930.00000000000        0.0000000000000000        0.0000000000000000        0.0000000000000000     
         277   989930.00000000000        0.0000000000000000        0.0000000000000000        0.0000000000000000     
         278   989930.00000000000        0.0000000000000000        0.0000000000000000        0.0000000000000000     
         279   989930.00000000000        0.0000000000000000        0.0000000000000000        0.0000000000000000     
         280   989930.00000000000        0.0000000000000000        0.0000000000000000        0.0000000000000000     
         281   989930.00000000000        0.0000000000000000        0.0000000000000000        0.0000000000000000     
         282   989930.00000000000        0.0000000000000000        0.0000000000000000        0.0000000000000000     
         283   989930.00000000000        0.0000000000000000        0.0000000000000000        0.0000000000000000     
         284   989930.00000000000        0.0000000000000000        0.0000000000000000        0.0000000000000000     
         285   989930.00000000000        0.0000000000000000        0.0000000000000000        0.0000000000000000     
         286   989930.00000000000        0.0000000000000000        0.0000000000000000        0.0000000000000000     
         287   989930.00000000000        0.0000000000000000        0.0000000000000000        0.0000000000000000     
         288   989930.00000000000        0.0000000000000000        0.0000000000000000        0.0000000000000000     
         289   989930.00000000000        0.0000000000000000        0.0000000000000000        0.0000000000000000     
         290   989930.00000000000        0.0000000000000000        0.0000000000000000        0.0000000000000000     
         291   989930.00000000000        0.0000000000000000        0.0000000000000000        0.0000000000000000     
         292   989930.00000000000        0.0000000000000000        0.0000000000000000        0.0000000000000000     
         293   989930.00000000000        0.0000000000000000        0.0000000000000000        0.0000000000000000     
         294   989930.00000000000        0.0000000000000000        0.0000000000000000        0.0000000000000000     
         295   989930.00000000000        0.0000000000000000        0.0000000000000000        0.0000000000000000     
         296   989930.00000000000        0.0000000000000000        0.0000000000000000        0.0000000000000000     
         297   989930.00000000000        0.0000000000000000        0.0000000000000000        0.0000000000000000     
         298   989930.00000000000        0.0000000000000000        0.0000000000000000        0.0000000000000000     
         299   989930.00000000000        0.0000000000000000        0.0000000000000000        0.0000000000000000     
         300   989930.00000000000        0.0000000000000000        0.0000000000000000        0.0000000000000000     
