 #time average_recover sd_R average_infected sd_I
          25   1.0000000000000000        0.0000000000000000        25.899999999999999        7.5159829696454219     
          26   1.0000000000000000        0.0000000000000000        30.899999999999999        9.1809585556193412     
          27   1.0000000000000000        0.0000000000000000        35.899999999999999        11.112605455067682     
          28   1.0000000000000000        0.0000000000000000        41.700000000000003        12.704723531033631     
          29   1.0000000000000000        0.0000000000000000        48.100000000000001        15.313066316058315     
          30   1.0000000000000000        0.0000000000000000        55.000000000000000        17.297398648351717     
          31   1.2000000000000000       0.40000000000000019        63.100000000000001        19.567575220246372     
          32   1.3000000000000000       0.45825756949558372        73.299999999999997        22.618797492351369     
          33   1.7000000000000000       0.64031242374328501        86.500000000000000        27.510906927980407     
          34   2.2999999999999998       0.64031242374328567        100.40000000000001        32.961189298931536     
          35   2.7999999999999998        1.1661903789690602        114.70000000000000        36.312669965178827     
          36   3.2999999999999998        1.1000000000000003        131.50000000000000        40.618345608850177     
          37   3.7000000000000002        1.1874342087037910        154.09999999999999        46.700000000000031     
          38   4.2000000000000002        1.4696938456699069        181.69999999999999        54.783300375205570     
          39   4.5999999999999996        1.2806248474865713        214.00000000000000        64.887595116478167     
          40   5.4000000000000004        1.4966629547095749        250.80000000000001        74.640203643880795     
          41   6.2999999999999998        1.3453624047073718        289.19999999999999        88.773644737613395     
          42   7.9000000000000004        2.0223748416156675        330.00000000000000        101.41203084447127     
          43   9.9000000000000004        2.5475478405713985        383.00000000000000        114.45261028041254     
          44   11.699999999999999        3.3481338085566423        449.30000000000001        133.05115557559049     
          45   13.300000000000001        4.1484937025383060        522.10000000000002        153.88336492291805     
          46   15.199999999999999        4.8538644398046387        607.79999999999995        179.74081339528874     
          47   18.100000000000001        4.8466483264210485        702.60000000000002        210.28466420545274     
          48   21.399999999999999        5.4626001134990734        822.29999999999995        247.22380548806399     
          49   24.899999999999999        6.7149087856798282        953.39999999999998        288.54122755682602     
          50   29.600000000000001        8.6625631310830844        1102.7000000000000        332.01778566817779     
          51   34.000000000000000        9.9398189118313400        1282.5999999999999        383.53544816613783     
          52   39.399999999999999        11.534296684236979        1495.8000000000000        453.59955908267870     
          53   46.500000000000000        14.486200329969206        1735.9000000000001        517.94506465454367     
          54   52.799999999999997        16.222207001514938        2033.5000000000000        606.32355223923139     
          55   59.799999999999997        18.175808097578511        2357.3000000000002        705.40230365373714     
          56   69.000000000000000        21.614809737770070        2736.6999999999998        828.63104576162311     
          57   81.099999999999994        24.258812831628852        3185.5000000000000        978.31285895668407     
          58   95.200000000000003        30.390129976688147        3703.9000000000001        1131.3863575277899     
          59   109.40000000000001        34.583811241677786        4316.6000000000004        1311.7036403090440     
          60   125.00000000000000        38.778860220486102        5035.1000000000004        1525.3043925721825     
          61   146.69999999999999        44.061434384277632        5847.1999999999998        1770.6688453801869     
          62   171.40000000000001        51.297563294955822        6792.1000000000004        2033.6215208341976     
          63   202.40000000000001        59.895241881137729        7901.1999999999998        2376.1945964083002     
          64   236.90000000000001        68.643207966994083        9172.1000000000004        2753.9814251370658     
          65   275.30000000000001        83.898808096420510        10643.100000000000        3193.7730179209652     
          66   314.39999999999998        96.583849581594208        12351.299999999999        3692.8693193775530     
          67   366.19999999999999        110.25225621274150        14312.500000000000        4288.8938492343204     
          68   429.80000000000001        128.02015466324045        16583.099999999999        4940.4303547363197     
          69   496.39999999999998        145.55768615913075        19211.700000000001        5723.6394199844544     
          70   578.00000000000000        170.94970020447531        22249.599999999999        6591.8618947911882     
          71   670.60000000000002        200.98567113105335        25757.000000000000        7603.4477442802236     
          72   783.39999999999998        233.53166808807759        29808.599999999999        8761.9428005437294     
          73   909.10000000000002        273.63313030406238        34413.400000000001        10060.832035174813     
          74   1053.4000000000001        317.17446303257088        39663.400000000001        11545.234438503177     
          75   1222.8000000000000        368.91646750992305        45747.500000000000        13209.194239241082     
          76   1425.8000000000000        429.21109025746284        52640.800000000003        15101.854467581114     
          77   1659.5000000000000        497.53316472371972        60449.000000000000        17183.797886381235     
          78   1938.7000000000000        578.94180191103828        69316.199999999997        19465.894111496662     
          79   2238.3000000000002        671.31870970501006        79294.399999999994        22011.680204836739     
          80   2608.0000000000000        789.31577964715768        90554.899999999994        24747.624073635834     
          81   3024.0999999999999        919.15705404462915        103056.39999999999        27708.304615042784     
          82   3530.1999999999998        1085.1294669300989        116893.00000000000        30883.196401927053     
          83   4116.1999999999998        1259.2885928173898        132194.29999999999        34192.644410896348     
          84   4787.6999999999998        1451.0743640489286        148928.70000000001        37584.439961372300     
          85   5564.5000000000000        1681.1184521026471        167092.10000000001        41024.886155722554     
          86   6474.1999999999998        1947.3799218437071        186665.50000000000        44289.591412091366     
          87   7530.6000000000004        2262.8719451175293        207566.29999999999        47436.911297111277     
          88   8738.2000000000007        2625.2224972371382        229564.60000000001        50255.839704854152     
          89   10151.600000000000        3043.9896254750943        252443.79999999999        52557.722623416703     
          90   11792.799999999999        3528.0429079023429        276051.40000000002        54385.548468687804     
          91   13685.700000000001        4093.8766236905581        299917.79999999999        55458.173005969133     
          92   15833.400000000000        4721.5161166726939        323976.79999999999        55859.979126025522     
          93   18346.900000000001        5459.2159226394360        347734.20000000001        55454.922715300803     
          94   21267.099999999999        6316.8352115596645        370972.50000000000        54089.595541564238     
          95   24634.500000000000        7266.5927951138165        393277.20000000001        51930.297162254094     
          96   28517.599999999999        8396.0439994083026        414370.00000000000        49067.417117676021     
          97   32942.699999999997        9659.2747041379971        434042.70000000001        45572.486043774166     
          98   37991.699999999997        11076.951386098985        452115.29999999999        41635.107950022299     
          99   43845.800000000003        12711.386838579008        468338.40000000002        37287.872736855876     
         100   50516.000000000000        14560.177457709775        482697.59999999998        32672.969354499033     
         101   58074.099999999999        16595.939958013831        495130.20000000001        27964.933659138143     
         102   66683.100000000006        18888.891303885455        505483.70000000001        23337.491412103478     
         103   76386.199999999997        21392.824464291771        513755.40000000002        18950.534510666439     
         104   87345.199999999997        24113.667658819551        519847.59999999998        15002.756967971409     
         105   99625.800000000003        27058.205896917829        523796.40000000002        12045.400019923960     
         106   113253.50000000000        30319.727921767371        525737.30000000005        10866.539569244707     
         107   128378.70000000000        33741.688941278568        525491.59999999998        12087.130935006464     
         108   144969.20000000001        37227.424527624731        523167.70000000001        15107.536821401349     
         109   163160.50000000000        40860.867402075528        518669.70000000001        18997.765253049773     
         110   182909.29999999999        44464.189627271997        511984.09999999998        23220.942256722465     
         111   204104.50000000000        47982.022519377017        503492.20000000001        27472.960247486604     
         112   226694.10000000001        51315.066593447948        493048.20000000001        31643.364517067261     
         113   250447.60000000001        54292.315731049777        481080.00000000000        35442.601191222013     
         114   275275.00000000000        56756.420614763927        467618.40000000002        38804.022034319816     
         115   300739.40000000002        58655.913552172933        453141.09999999998        41578.430082074963     
         116   326792.50000000000        60049.721809930117        437706.90000000002        43819.268737508297     
         117   352983.59999999998        60705.181100463058        421715.70000000001        45341.396698932702     
         118   379200.59999999998        60624.763782137859        405155.79999999999        46156.095371684358     
         119   405117.90000000002        59649.584943149304        388546.50000000000        46052.927540493969     
         120   430434.79999999999        58215.502335374847        372130.40000000002        45510.622202294602     
         121   455061.90000000002        56131.808133089551        355941.00000000000        44399.473120747658     
         122   478659.20000000001        53694.213924407086        340306.09999999998        42985.692660349276     
         123   501272.59999999998        50857.744679055781        325266.70000000001        41247.684247845747     
         124   522807.40000000002        47908.689308308050        310873.29999999999        39375.091258433938     
         125   543347.40000000002        44900.522727914766        297095.59999999998        37440.864103810578     
         126   562845.00000000000        41988.858181665579        283988.90000000002        35639.322708070591     
         127   581285.69999999995        39199.264569760213        271606.40000000002        33948.879080759005     
         128   598813.59999999998        36652.931446748087        259876.29999999999        32484.129922317530     
         129   615458.59999999998        34271.998141923599        248827.79999999999        31237.624761815714     
         130   631344.40000000002        32054.304098512719        238312.89999999999        30177.519644430802     
         131   646538.09999999998        30032.035187279438        228349.79999999999        29313.480911689825     
         132   661116.69999999995        28191.754929590155        218932.50000000000        28545.453169462937     
         133   675088.30000000005        26540.017411635206        210033.50000000000        27985.710794082068     
         134   688451.19999999995        25032.913864751314        201761.00000000000        27481.202593773076     
         135   701336.19999999995        23672.577121218943        193959.10000000001        27070.339301345888     
         136   713753.90000000002        22399.051013156295        186632.60000000001        26686.271988421300     
         137   725698.90000000002        21186.234783226068        179782.79999999999        26353.336038536079     
         138   737260.09999999998        19991.668236794940        173315.70000000001        25875.308663086438     
         139   748450.09999999998        18833.224049269043        167231.39999999999        25286.087796256677     
         140   759261.40000000002        17865.724486847474        161489.39999999999        24749.399811712701     
         141   769624.90000000002        16883.873728797127        156140.70000000001        24017.952340072476     
         142   779542.19999999995        15955.687599098002        151209.20000000001        23185.261559016271     
         143   789065.19999999995        15067.548638052675        146577.60000000001        22210.968187811992     
         144   798097.90000000002        14228.732434406847        142362.89999999999        21111.668699797297     
         145   806809.59999999998        13432.678007011986        138314.00000000000        19809.902286482851     
         146   814998.80000000005        12633.992249479659        134657.70000000001        18385.512089958054     
         147   822771.50000000000        11853.398755211470        131196.89999999999        16666.372901444465     
         148   830111.69999999995        11174.660934906788        127994.00000000000        14941.541781221884     
         149   837069.50000000000        10636.424260532711        124920.60000000001        13117.432105408398     
         150   843639.19999999995        10288.553530994133        121976.00000000000        11318.273127999712     
         151   849859.09999999998        10139.361690467122        119097.30000000000        9564.5293982505336     
         152   855803.30000000005        10166.615523852512        116230.50000000000        8062.7488271680413     
         153   861478.50000000000        10435.891904862545        113325.60000000001        6958.8269011378743     
         154   866962.19999999995        10917.931239940037        110302.00000000000        6628.4133093825703     
         155   872279.80000000005        11606.804743769293        107168.60000000001        7140.7294053197829     
         156   877474.30000000005        12359.078194183276        103855.20000000000        8195.3448103177070     
         157   882603.40000000002        13157.991580782433        100326.60000000001        9501.1056640792212     
         158   887666.50000000000        14033.067599423870        96577.699999999997        10933.652381981135     
         159   892751.90000000002        14806.205702003435        92605.300000000003        12275.328256710673     
         160   897840.09999999998        15501.581483512908        88402.300000000003        13466.932501872847     
         161   902937.19999999995        16125.195340212464        84004.600000000006        14510.739100404184     
         162   908050.19999999995        16613.110514292108        79465.899999999994        15367.282976831009     
         163   913145.00000000000        17022.528977800237        74802.899999999994        16064.978963260459     
         164   918226.50000000000        17307.636489422108        70060.500000000000        16576.056504790275     
         165   923270.09999999998        17453.002684063893        65277.699999999997        16902.894805624299     
         166   928239.19999999995        17468.515184758315        60493.900000000001        17047.984622529435     
         167   933202.30000000005        17309.961577367423        55676.400000000001        17001.883090999065     
         168   938060.09999999998        17028.081503503014        50926.800000000003        16796.977197103042     
         169   942786.09999999998        16577.660121081259        46280.500000000000        16401.758340190241     
         170   947411.00000000000        16011.993592306013        41717.800000000003        15884.050880049455     
         171   951802.09999999998        15314.330396400370        37370.599999999999        15218.431970475805     
         172   956039.00000000000        14446.914307214534        33167.000000000000        14374.197841966692     
         173   960061.90000000002        13523.680818845683        29167.400000000001        13468.101508378970     
         174   963814.90000000002        12523.063582446199        25432.200000000001        12478.144980725299     
         175   967292.50000000000        11459.849643427944        21968.500000000000        11425.068562157514     
         176   970489.50000000000        10321.800291131387        18782.700000000001        10295.233616096333     
         177   973419.50000000000        9186.1081449096600        15860.299999999999        9164.9548176736807     
         178   976046.50000000000        8053.3920213813526        13239.799999999999        8037.5770080292232     
         179   978374.30000000005        6941.9380442306256        10917.299999999999        6930.7998679806087     
         180   980405.90000000002        5870.4980103814514        8889.1000000000004        5861.6979698718706     
         181   982122.50000000000        4903.4514426115029        7174.6000000000004        4895.5808072178716     
         182   983591.00000000000        4047.5598327851294        5708.3999999999996        4041.4823320163118     
         183   984800.69999999995        3295.2650591690895        4501.3000000000002        3290.5874566709208     
         184   985793.50000000000        2639.5488345641247        3509.0999999999999        2635.3344930008411     
         185   986588.30000000005        2089.5473696087552        2715.1999999999998        2085.8716067869568     
         186   987224.09999999998        1628.9312723647645        2080.0000000000000        1625.6296011084444     
         187   987731.59999999998        1248.4774887994827        1573.4000000000001        1246.6076527921687     
         188   988115.59999999998        955.15205075604410        1189.5000000000000        953.29620265686572     
         189   988420.40000000002        724.38128081158641        885.10000000000002        722.66872770308805     
         190   988638.09999999998        546.07516878706383        667.60000000000002        544.40301248248068     
         191   988804.69999999995        400.44101938957954        501.10000000000002        398.63403015798838     
         192   988933.59999999998        296.19223502295029        372.30000000000001        294.41061461842708     
         193   989027.50000000000        220.49954659551599        278.50000000000000        218.82287357586728     
         194   989097.19999999995        159.91172567940609        208.80000000000001        158.05745790692700     
         195   989149.19999999995        119.90479621870846        156.90000000000001        118.18921270572878     
         196   989190.90000000002        88.814919725349711        115.20000000000000        86.204176232941293     
         197   989217.69999999995        69.204118974290921        88.400000000000006        66.466833834627622     
         198   989238.59999999998        56.280014778574483        67.500000000000000        52.109979850312740     
         199   989253.00000000000        45.435669076333220        53.200000000000003        40.781858711932188     
         200   989266.59999999998        38.103019406480442        39.600000000000001        31.461722775461613     
         201   989274.90000000002        32.435936333337324        31.300000000000001        24.698380513709800     
         202   989282.50000000000        28.674901917879335        23.699999999999999        18.788560349318946     
         203   989288.50000000000        25.370258658793027        17.699999999999999        13.557654664432196     
         204   989293.40000000002        23.572015030075917        12.800000000000001        9.2930081243911520     
         205   989295.69999999995        23.061009966262588        10.500000000000000        7.9277991901914362     
         206   989298.40000000002        22.606192005558732        7.7999999999999998        6.9397406291589894     
         207   989300.40000000002        22.132328522329331        5.7999999999999998        5.9126981996377923     
         208   989302.19999999995        21.595369534961947        4.0000000000000000        3.9749213828703582     
         209   989303.09999999998        21.718426818638648        3.1000000000000001        3.2078029864690878     
         210   989303.80000000005        21.821088701285621        2.3999999999999999        2.6907248094147422     
         211   989304.80000000005        21.669331704587417        1.3999999999999999        1.3564659966250536     
         212   989305.09999999998        21.933763147720743        1.1000000000000001        1.2999999999999998     
         213   989305.19999999995        21.830255577838525        1.0000000000000000        1.2649110640673518     
         214   989305.50000000000        21.699077758880389       0.69999999999999996        1.0049875621120890     
         215   989305.80000000005        21.673944903854316       0.40000000000000002       0.91651513899116799     
         216   989305.90000000002        21.686168794699249       0.29999999999999999       0.64031242374328490     
         217   989306.00000000000        21.702534414210707       0.20000000000000001       0.40000000000000002     
         218   989306.00000000000        21.702534414210707       0.20000000000000001       0.40000000000000002     
         219   989306.09999999998        21.640010144694941       0.10000000000000001       0.29999999999999999     
         220   989306.09999999998        21.640010144694941       0.10000000000000001       0.29999999999999999     
         221   989306.09999999998        21.640010144694941       0.10000000000000001       0.29999999999999999     
         222   989306.09999999998        21.640010144694941       0.10000000000000001       0.29999999999999999     
         223   989306.19999999995        21.660102358476692        0.0000000000000000        0.0000000000000000     
         224   989306.19999999995        21.660102358476692        0.0000000000000000        0.0000000000000000     
         225   989306.19999999995        21.660102358476692        0.0000000000000000        0.0000000000000000     
         226   989306.19999999995        21.660102358476692        0.0000000000000000        0.0000000000000000     
         227   989306.19999999995        21.660102358476692        0.0000000000000000        0.0000000000000000     
         228   989306.19999999995        21.660102358476692        0.0000000000000000        0.0000000000000000     
         229   989306.19999999995        21.660102358476692        0.0000000000000000        0.0000000000000000     
         230   989306.19999999995        21.660102358476692        0.0000000000000000        0.0000000000000000     
         231   989306.19999999995        21.660102358476692        0.0000000000000000        0.0000000000000000     
         232   989306.19999999995        21.660102358476692        0.0000000000000000        0.0000000000000000     
         233   989306.19999999995        21.660102358476692        0.0000000000000000        0.0000000000000000     
         234   989306.19999999995        21.660102358476692        0.0000000000000000        0.0000000000000000     
         235   989306.19999999995        21.660102358476692        0.0000000000000000        0.0000000000000000     
         236   989306.19999999995        21.660102358476692        0.0000000000000000        0.0000000000000000     
         237   989306.19999999995        21.660102358476692        0.0000000000000000        0.0000000000000000     
         238   989306.19999999995        21.660102358476692        0.0000000000000000        0.0000000000000000     
         239   989306.19999999995        21.660102358476692        0.0000000000000000        0.0000000000000000     
         240   989306.19999999995        21.660102358476692        0.0000000000000000        0.0000000000000000     
         241   989306.19999999995        21.660102358476692        0.0000000000000000        0.0000000000000000     
         242   989306.19999999995        21.660102358476692        0.0000000000000000        0.0000000000000000     
         243   989306.19999999995        21.660102358476692        0.0000000000000000        0.0000000000000000     
         244   989306.19999999995        21.660102358476692        0.0000000000000000        0.0000000000000000     
         245   989306.19999999995        21.660102358476692        0.0000000000000000        0.0000000000000000     
         246   989306.19999999995        21.660102358476692        0.0000000000000000        0.0000000000000000     
         247   989306.19999999995        21.660102358476692        0.0000000000000000        0.0000000000000000     
         248   989306.19999999995        21.660102358476692        0.0000000000000000        0.0000000000000000     
         249   989306.19999999995        21.660102358476692        0.0000000000000000        0.0000000000000000     
         250   989306.19999999995        21.660102358476692        0.0000000000000000        0.0000000000000000     
         251   989306.19999999995        21.660102358476692        0.0000000000000000        0.0000000000000000     
         252   989306.19999999995        21.660102358476692        0.0000000000000000        0.0000000000000000     
         253   989306.19999999995        21.660102358476692        0.0000000000000000        0.0000000000000000     
         254   989306.19999999995        21.660102358476692        0.0000000000000000        0.0000000000000000     
         255   989306.19999999995        21.660102358476692        0.0000000000000000        0.0000000000000000     
         256   989306.19999999995        21.660102358476692        0.0000000000000000        0.0000000000000000     
         257   989306.19999999995        21.660102358476692        0.0000000000000000        0.0000000000000000     
         258   989306.19999999995        21.660102358476692        0.0000000000000000        0.0000000000000000     
         259   989306.19999999995        21.660102358476692        0.0000000000000000        0.0000000000000000     
         260   989306.19999999995        21.660102358476692        0.0000000000000000        0.0000000000000000     
         261   989306.19999999995        21.660102358476692        0.0000000000000000        0.0000000000000000     
         262   989306.19999999995        21.660102358476692        0.0000000000000000        0.0000000000000000     
         263   989306.19999999995        21.660102358476692        0.0000000000000000        0.0000000000000000     
         264   989306.19999999995        21.660102358476692        0.0000000000000000        0.0000000000000000     
         265   989306.19999999995        21.660102358476692        0.0000000000000000        0.0000000000000000     
         266   989306.19999999995        21.660102358476692        0.0000000000000000        0.0000000000000000     
         267   989306.19999999995        21.660102358476692        0.0000000000000000        0.0000000000000000     
         268   989306.19999999995        21.660102358476692        0.0000000000000000        0.0000000000000000     
         269   989306.19999999995        21.660102358476692        0.0000000000000000        0.0000000000000000     
         270   989306.19999999995        21.660102358476692        0.0000000000000000        0.0000000000000000     
         271   989306.19999999995        21.660102358476692        0.0000000000000000        0.0000000000000000     
         272   989306.19999999995        21.660102358476692        0.0000000000000000        0.0000000000000000     
         273   989306.19999999995        21.660102358476692        0.0000000000000000        0.0000000000000000     
         274   989306.19999999995        21.660102358476692        0.0000000000000000        0.0000000000000000     
         275   989306.19999999995        21.660102358476692        0.0000000000000000        0.0000000000000000     
         276   989306.19999999995        21.660102358476692        0.0000000000000000        0.0000000000000000     
         277   989306.19999999995        21.660102358476692        0.0000000000000000        0.0000000000000000     
         278   989306.19999999995        21.660102358476692        0.0000000000000000        0.0000000000000000     
         279   989306.19999999995        21.660102358476692        0.0000000000000000        0.0000000000000000     
         280   989306.19999999995        21.660102358476692        0.0000000000000000        0.0000000000000000     
         281   989306.19999999995        21.660102358476692        0.0000000000000000        0.0000000000000000     
         282   989306.19999999995        21.660102358476692        0.0000000000000000        0.0000000000000000     
         283   989306.19999999995        21.660102358476692        0.0000000000000000        0.0000000000000000     
         284   989306.19999999995        21.660102358476692        0.0000000000000000        0.0000000000000000     
         285   989306.19999999995        21.660102358476692        0.0000000000000000        0.0000000000000000     
         286   989306.19999999995        21.660102358476692        0.0000000000000000        0.0000000000000000     
         287   989306.19999999995        21.660102358476692        0.0000000000000000        0.0000000000000000     
         288   989306.19999999995        21.660102358476692        0.0000000000000000        0.0000000000000000     
         289   989306.19999999995        21.660102358476692        0.0000000000000000        0.0000000000000000     
         290   989306.19999999995        21.660102358476692        0.0000000000000000        0.0000000000000000     
         291   989306.19999999995        21.660102358476692        0.0000000000000000        0.0000000000000000     
         292   989306.19999999995        21.660102358476692        0.0000000000000000        0.0000000000000000     
         293   989306.19999999995        21.660102358476692        0.0000000000000000        0.0000000000000000     
         294   989306.19999999995        21.660102358476692        0.0000000000000000        0.0000000000000000     
         295   989306.19999999995        21.660102358476692        0.0000000000000000        0.0000000000000000     
         296   989306.19999999995        21.660102358476692        0.0000000000000000        0.0000000000000000     
         297   989306.19999999995        21.660102358476692        0.0000000000000000        0.0000000000000000     
         298   989306.19999999995        21.660102358476692        0.0000000000000000        0.0000000000000000     
         299   989306.19999999995        21.660102358476692        0.0000000000000000        0.0000000000000000     
         300   989306.19999999995        21.660102358476692        0.0000000000000000        0.0000000000000000     
