 #time average_recover sd_R average_infected sd_I
          26  0.80000000000000004       0.39999999999999991        742.60000000000002        200.75019302605918     
          27  0.90000000000000002       0.29999999999999993        991.39999999999998        257.07010716923122     
          28   1.0000000000000000        0.0000000000000000        1338.8000000000000        346.62740803346765     
          29   1.0000000000000000        0.0000000000000000        1816.5000000000000        479.38257164815650     
          30   1.0000000000000000        0.0000000000000000        2457.5999999999999        671.94973026261448     
          31   1.0000000000000000        0.0000000000000000        3325.6999999999998        904.44082725184455     
          32   2.2000000000000002        1.3266499161421594        4507.1000000000004        1229.7883110519449     
          33   3.5000000000000000        1.5652475842498526        6029.1000000000004        1617.0907488449727     
          34   4.5999999999999996        1.6852299546352727        8064.8000000000002        2126.8482221352797     
          35   5.7999999999999998        1.4696938456699058        10814.100000000000        2850.8155482247516     
          36   7.7999999999999998        2.5612496949731414        14482.100000000000        3816.0303313784088     
          37   9.5000000000000000        3.1384709652950424        19420.099999999999        5109.9413979027286     
          38   11.900000000000000        3.2695565448543626        26032.500000000000        6846.9660470897588     
          39   17.500000000000000        5.1623637996561200        34710.500000000000        9036.1391783216804     
          40   24.399999999999999        7.5789181285985698        46172.800000000003        11811.640951197256     
          41   33.100000000000001        10.133607452432713        61009.400000000001        15277.363006749563     
          42   46.500000000000000        13.879841497654073        79964.899999999994        19437.809920101616     
          43   63.000000000000000        17.088007490635061        103930.70000000000        24484.300741699761     
          44   80.900000000000006        21.773607877428084        133643.89999999999        30050.550914916701     
          45   104.00000000000000        25.274493071078581        169680.60000000001        36170.094656221161     
          46   139.09999999999999        32.275222694816563        211834.00000000000        41931.170102919823     
          47   190.19999999999999        49.391902170295133        259164.20000000001        46455.582053828570     
          48   262.19999999999999        71.676774480999057        309665.79999999999        48958.587129940694     
          49   365.50000000000000        99.256485934169589        360362.40000000002        48531.297149777412     
          50   491.39999999999998        135.24363201274949        408481.79999999999        45304.210004810855     
          51   646.00000000000000        171.45553359399048        452007.20000000001        40190.690359335676     
          52   863.39999999999998        226.18983177853084        489734.59999999998        34530.261380997959     
          53   1158.5999999999999        300.28926054722695        522537.09999999998        29911.536615326753     
          54   1581.5999999999999        420.08075414139165        551945.50000000000        27281.773685924680     
          55   2138.1999999999998        575.82580699374728        579654.00000000000        26448.901708766200     
          56   2884.3000000000002        778.07468150557247        606441.69999999995        26673.481107835065     
          57   3917.6999999999998        1065.0323046743702        632498.80000000005        27302.617888399211     
          58   5254.6999999999998        1414.6725451495834        657670.30000000005        27827.069461406398     
          59   7035.6000000000004        1874.9265692287772        681120.90000000002        28018.518042357577     
          60   9433.5000000000000        2476.3700955228792        702499.50000000000        27516.124535443072     
          61   12638.900000000000        3341.3069733264588        721264.50000000000        26225.839915053246     
          62   16930.900000000001        4471.4043979492571        737001.19999999995        24031.420277629422     
          63   22714.799999999999        5984.2200962197312        749471.09999999998        21118.541324865775     
          64   30339.299999999999        7939.9588670219155        758404.90000000002        17437.904687490831     
          65   40390.099999999999        10406.000705842762        763180.69999999995        13232.769022775688     
          66   53522.699999999997        13556.061817873238        763498.50000000000        9262.0992679832361     
          67   70396.800000000003        17364.936549265007        758118.80000000005        8588.9350073182250     
          68   91851.000000000000        21943.545169365872        746387.50000000000        13025.424417269482     
          69   118672.39999999999        27261.839934971398        727693.90000000002        20006.116781874549     
          70   151572.10000000001        33202.717850953028        701624.40000000002        27776.586950882818     
          71   190707.39999999999        39069.283853687462        668655.90000000002        35196.170477623229     
          72   235496.39999999999        44294.130381349605        629751.00000000000        41535.325045074293     
          73   284433.79999999999        47851.739311753539        586962.50000000000        45758.368612200196     
          74   335189.09999999998        48874.916899059936        542841.19999999995        47129.525579619898     
          75   384641.00000000000        47043.691946955012        500735.00000000000        45375.197297642553     
          76   430341.59999999998        42807.947489222381        462935.79999999999        41078.227074205970     
          77   471027.29999999999        37444.131660515617        430558.09999999998        35575.211061777649     
          78   506452.79999999999        32432.387312068313        403636.90000000002        30409.716547347005     
          79   537914.50000000000        28922.079825801120        380679.50000000000        26556.614973486478     
          80   567069.19999999995        27287.527358851083        360093.20000000001        24350.122265812148     
          81   594980.09999999998        27101.826589550219        340798.70000000001        23465.121883552929     
          82   622362.30000000005        27714.664255767857        321979.29999999999        23448.223028835400     
          83   649252.40000000002        28516.761840012023        303562.29999999999        24061.189372306802     
          84   675142.50000000000        29192.463319323095        285811.79999999999        24914.365188782351     
          85   699706.69999999995        29367.438039605546        268673.79999999999        25661.574339077735     
          86   722666.90000000002        28988.859092588125        252143.70000000001        26059.610964287258     
          87   743759.30000000005        27958.536818114924        236223.10000000001        25817.158842328146     
          88   763009.40000000002        26299.155743863070        220809.79999999999        24886.426837937379     
          89   780468.50000000000        24168.524064368332        205999.10000000001        23333.128000548775     
          90   796178.40000000002        21637.471331925379        191947.60000000001        21191.341091115442     
          91   810321.09999999998        18648.836046520828        178749.10000000001        18438.040245373155     
          92   822759.80000000005        15664.160742280761        166798.20000000001        15578.980080865145     
          93   833364.00000000000        12612.676559715626        156423.10000000001        12579.085391633245     
          94   842283.19999999995        9867.3150431186823        147596.00000000000        9854.2237441616107     
          95   849757.59999999998        7513.6574343018237        140154.79999999999        7506.8247188811083     
          96   856269.69999999995        5965.3814136259707        133655.29999999999        5962.5601053576083     
          97   862298.69999999995        5291.9113380807339        127629.89999999999        5290.9054319653942     
          98   868327.80000000005        5475.2502371957489        121601.60000000001        5474.8004383719999     
          99   874723.09999999998        6123.2094762501029        115206.89999999999        6123.2094762469878     
         100   881720.19999999995        6921.7378280355715        108209.80000000000        6921.7378280313005     
         101   889327.30000000005        7661.7895957756846        100602.70000000000        7661.7895957799165     
         102   897443.30000000005        8299.5088414849997        92486.699999999997        8299.5088414917809     
         103   905861.50000000000        8782.3761619534853        84068.500000000000        8782.3761619507168     
         104   914386.59999999998        9079.0018195856228        75543.399999999994        9079.0018195835219     
         105   922956.80000000005        9380.6720313572259        66973.199999999997        9380.6720313632231     
         106   931565.00000000000        9820.9418285633074        58365.000000000000        9820.9418285620704     
         107   940159.69999999995        10257.485325852678        49770.300000000003        10257.485325848633     
         108   948727.80000000005        10507.777060819653        41202.199999999997        10507.777060825007     
         109   957050.40000000002        10368.410439402802        32879.599999999999        10368.410439406814     
         110   964810.30000000005        9617.6492247255137        25119.700000000001        9617.6492247326223     
         111   971731.09999999998        8271.5794797661165        18198.900000000001        8271.5794797608014     
         112   977482.59999999998        6559.6981058574820        12447.400000000000        6559.6981058582269     
         113   981956.50000000000        4782.6988040201304        7973.5000000000000        4782.6988040226825     
         114   985159.90000000002        3158.2159980025212        4770.1000000000004        3158.2159979963371     
         115   987308.40000000002        1922.2167515632138        2621.5999999999999        1922.2167515657543     
         116   988601.50000000000        1074.4973010441543        1328.5000000000000        1074.4973010668757     
         117   989311.00000000000        548.58782339347079        619.00000000000000        548.58782341572260     
         118   989668.09999999998        255.50477503067640        261.89999999999998        255.50477490645847     
         119   989828.09999999998        106.48798084045242        101.90000000000001        106.48798054240675     
         120   989894.09999999998        40.507900644793203        35.899999999999999        40.507900463983567     
         121   989918.90000000002        13.095414012701641        11.100000000000000        13.095419046368848     
         122   989926.09999999998        5.1662426846367273        3.8999999999999999        5.1662365412357953     
         123   989928.80000000005        1.4696639443678954        1.2000000000000000        1.4696938456699069     
         124   989929.90000000002       0.29994302844456977       0.10000000000000001       0.29999999999999999     
         125   989930.00000000000        0.0000000000000000        0.0000000000000000        0.0000000000000000     
         126   989930.00000000000        0.0000000000000000        0.0000000000000000        0.0000000000000000     
         127   989930.00000000000        0.0000000000000000        0.0000000000000000        0.0000000000000000     
         128   989930.00000000000        0.0000000000000000        0.0000000000000000        0.0000000000000000     
         129   989930.00000000000        0.0000000000000000        0.0000000000000000        0.0000000000000000     
         130   989930.00000000000        0.0000000000000000        0.0000000000000000        0.0000000000000000     
         131   989930.00000000000        0.0000000000000000        0.0000000000000000        0.0000000000000000     
         132   989930.00000000000        0.0000000000000000        0.0000000000000000        0.0000000000000000     
         133   989930.00000000000        0.0000000000000000        0.0000000000000000        0.0000000000000000     
         134   989930.00000000000        0.0000000000000000        0.0000000000000000        0.0000000000000000     
         135   989930.00000000000        0.0000000000000000        0.0000000000000000        0.0000000000000000     
         136   989930.00000000000        0.0000000000000000        0.0000000000000000        0.0000000000000000     
         137   989930.00000000000        0.0000000000000000        0.0000000000000000        0.0000000000000000     
         138   989930.00000000000        0.0000000000000000        0.0000000000000000        0.0000000000000000     
         139   989930.00000000000        0.0000000000000000        0.0000000000000000        0.0000000000000000     
         140   989930.00000000000        0.0000000000000000        0.0000000000000000        0.0000000000000000     
         141   989930.00000000000        0.0000000000000000        0.0000000000000000        0.0000000000000000     
         142   989930.00000000000        0.0000000000000000        0.0000000000000000        0.0000000000000000     
         143   989930.00000000000        0.0000000000000000        0.0000000000000000        0.0000000000000000     
         144   989930.00000000000        0.0000000000000000        0.0000000000000000        0.0000000000000000     
         145   989930.00000000000        0.0000000000000000        0.0000000000000000        0.0000000000000000     
         146   989930.00000000000        0.0000000000000000        0.0000000000000000        0.0000000000000000     
         147   989930.00000000000        0.0000000000000000        0.0000000000000000        0.0000000000000000     
         148   989930.00000000000        0.0000000000000000        0.0000000000000000        0.0000000000000000     
         149   989930.00000000000        0.0000000000000000        0.0000000000000000        0.0000000000000000     
         150   989930.00000000000        0.0000000000000000        0.0000000000000000        0.0000000000000000     
         151   989930.00000000000        0.0000000000000000        0.0000000000000000        0.0000000000000000     
         152   989930.00000000000        0.0000000000000000        0.0000000000000000        0.0000000000000000     
         153   989930.00000000000        0.0000000000000000        0.0000000000000000        0.0000000000000000     
         154   989930.00000000000        0.0000000000000000        0.0000000000000000        0.0000000000000000     
         155   989930.00000000000        0.0000000000000000        0.0000000000000000        0.0000000000000000     
         156   989930.00000000000        0.0000000000000000        0.0000000000000000        0.0000000000000000     
         157   989930.00000000000        0.0000000000000000        0.0000000000000000        0.0000000000000000     
         158   989930.00000000000        0.0000000000000000        0.0000000000000000        0.0000000000000000     
         159   989930.00000000000        0.0000000000000000        0.0000000000000000        0.0000000000000000     
         160   989930.00000000000        0.0000000000000000        0.0000000000000000        0.0000000000000000     
         161   989930.00000000000        0.0000000000000000        0.0000000000000000        0.0000000000000000     
         162   989930.00000000000        0.0000000000000000        0.0000000000000000        0.0000000000000000     
         163   989930.00000000000        0.0000000000000000        0.0000000000000000        0.0000000000000000     
         164   989930.00000000000        0.0000000000000000        0.0000000000000000        0.0000000000000000     
         165   989930.00000000000        0.0000000000000000        0.0000000000000000        0.0000000000000000     
         166   989930.00000000000        0.0000000000000000        0.0000000000000000        0.0000000000000000     
         167   989930.00000000000        0.0000000000000000        0.0000000000000000        0.0000000000000000     
         168   989930.00000000000        0.0000000000000000        0.0000000000000000        0.0000000000000000     
         169   989930.00000000000        0.0000000000000000        0.0000000000000000        0.0000000000000000     
         170   989930.00000000000        0.0000000000000000        0.0000000000000000        0.0000000000000000     
         171   989930.00000000000        0.0000000000000000        0.0000000000000000        0.0000000000000000     
         172   989930.00000000000        0.0000000000000000        0.0000000000000000        0.0000000000000000     
         173   989930.00000000000        0.0000000000000000        0.0000000000000000        0.0000000000000000     
         174   989930.00000000000        0.0000000000000000        0.0000000000000000        0.0000000000000000     
         175   989930.00000000000        0.0000000000000000        0.0000000000000000        0.0000000000000000     
         176   989930.00000000000        0.0000000000000000        0.0000000000000000        0.0000000000000000     
         177   989930.00000000000        0.0000000000000000        0.0000000000000000        0.0000000000000000     
         178   989930.00000000000        0.0000000000000000        0.0000000000000000        0.0000000000000000     
         179   989930.00000000000        0.0000000000000000        0.0000000000000000        0.0000000000000000     
         180   989930.00000000000        0.0000000000000000        0.0000000000000000        0.0000000000000000     
         181   989930.00000000000        0.0000000000000000        0.0000000000000000        0.0000000000000000     
         182   989930.00000000000        0.0000000000000000        0.0000000000000000        0.0000000000000000     
         183   989930.00000000000        0.0000000000000000        0.0000000000000000        0.0000000000000000     
         184   989930.00000000000        0.0000000000000000        0.0000000000000000        0.0000000000000000     
         185   989930.00000000000        0.0000000000000000        0.0000000000000000        0.0000000000000000     
         186   989930.00000000000        0.0000000000000000        0.0000000000000000        0.0000000000000000     
         187   989930.00000000000        0.0000000000000000        0.0000000000000000        0.0000000000000000     
         188   989930.00000000000        0.0000000000000000        0.0000000000000000        0.0000000000000000     
         189   989930.00000000000        0.0000000000000000        0.0000000000000000        0.0000000000000000     
         190   989930.00000000000        0.0000000000000000        0.0000000000000000        0.0000000000000000     
         191   989930.00000000000        0.0000000000000000        0.0000000000000000        0.0000000000000000     
         192   989930.00000000000        0.0000000000000000        0.0000000000000000        0.0000000000000000     
         193   989930.00000000000        0.0000000000000000        0.0000000000000000        0.0000000000000000     
         194   989930.00000000000        0.0000000000000000        0.0000000000000000        0.0000000000000000     
         195   989930.00000000000        0.0000000000000000        0.0000000000000000        0.0000000000000000     
         196   989930.00000000000        0.0000000000000000        0.0000000000000000        0.0000000000000000     
         197   989930.00000000000        0.0000000000000000        0.0000000000000000        0.0000000000000000     
         198   989930.00000000000        0.0000000000000000        0.0000000000000000        0.0000000000000000     
         199   989930.00000000000        0.0000000000000000        0.0000000000000000        0.0000000000000000     
         200   989930.00000000000        0.0000000000000000        0.0000000000000000        0.0000000000000000     
         201   989930.00000000000        0.0000000000000000        0.0000000000000000        0.0000000000000000     
         202   989930.00000000000        0.0000000000000000        0.0000000000000000        0.0000000000000000     
         203   989930.00000000000        0.0000000000000000        0.0000000000000000        0.0000000000000000     
         204   989930.00000000000        0.0000000000000000        0.0000000000000000        0.0000000000000000     
         205   989930.00000000000        0.0000000000000000        0.0000000000000000        0.0000000000000000     
         206   989930.00000000000        0.0000000000000000        0.0000000000000000        0.0000000000000000     
         207   989930.00000000000        0.0000000000000000        0.0000000000000000        0.0000000000000000     
         208   989930.00000000000        0.0000000000000000        0.0000000000000000        0.0000000000000000     
         209   989930.00000000000        0.0000000000000000        0.0000000000000000        0.0000000000000000     
         210   989930.00000000000        0.0000000000000000        0.0000000000000000        0.0000000000000000     
         211   989930.00000000000        0.0000000000000000        0.0000000000000000        0.0000000000000000     
         212   989930.00000000000        0.0000000000000000        0.0000000000000000        0.0000000000000000     
         213   989930.00000000000        0.0000000000000000        0.0000000000000000        0.0000000000000000     
         214   989930.00000000000        0.0000000000000000        0.0000000000000000        0.0000000000000000     
         215   989930.00000000000        0.0000000000000000        0.0000000000000000        0.0000000000000000     
         216   989930.00000000000        0.0000000000000000        0.0000000000000000        0.0000000000000000     
         217   989930.00000000000        0.0000000000000000        0.0000000000000000        0.0000000000000000     
         218   989930.00000000000        0.0000000000000000        0.0000000000000000        0.0000000000000000     
         219   989930.00000000000        0.0000000000000000        0.0000000000000000        0.0000000000000000     
         220   989930.00000000000        0.0000000000000000        0.0000000000000000        0.0000000000000000     
         221   989930.00000000000        0.0000000000000000        0.0000000000000000        0.0000000000000000     
         222   989930.00000000000        0.0000000000000000        0.0000000000000000        0.0000000000000000     
         223   989930.00000000000        0.0000000000000000        0.0000000000000000        0.0000000000000000     
         224   989930.00000000000        0.0000000000000000        0.0000000000000000        0.0000000000000000     
         225   989930.00000000000        0.0000000000000000        0.0000000000000000        0.0000000000000000     
         226   989930.00000000000        0.0000000000000000        0.0000000000000000        0.0000000000000000     
         227   989930.00000000000        0.0000000000000000        0.0000000000000000        0.0000000000000000     
         228   989930.00000000000        0.0000000000000000        0.0000000000000000        0.0000000000000000     
         229   989930.00000000000        0.0000000000000000        0.0000000000000000        0.0000000000000000     
         230   989930.00000000000        0.0000000000000000        0.0000000000000000        0.0000000000000000     
         231   989930.00000000000        0.0000000000000000        0.0000000000000000        0.0000000000000000     
         232   989930.00000000000        0.0000000000000000        0.0000000000000000        0.0000000000000000     
         233   989930.00000000000        0.0000000000000000        0.0000000000000000        0.0000000000000000     
         234   989930.00000000000        0.0000000000000000        0.0000000000000000        0.0000000000000000     
         235   989930.00000000000        0.0000000000000000        0.0000000000000000        0.0000000000000000     
         236   989930.00000000000        0.0000000000000000        0.0000000000000000        0.0000000000000000     
         237   989930.00000000000        0.0000000000000000        0.0000000000000000        0.0000000000000000     
         238   989930.00000000000        0.0000000000000000        0.0000000000000000        0.0000000000000000     
         239   989930.00000000000        0.0000000000000000        0.0000000000000000        0.0000000000000000     
         240   989930.00000000000        0.0000000000000000        0.0000000000000000        0.0000000000000000     
         241   989930.00000000000        0.0000000000000000        0.0000000000000000        0.0000000000000000     
         242   989930.00000000000        0.0000000000000000        0.0000000000000000        0.0000000000000000     
         243   989930.00000000000        0.0000000000000000        0.0000000000000000        0.0000000000000000     
         244   989930.00000000000        0.0000000000000000        0.0000000000000000        0.0000000000000000     
         245   989930.00000000000        0.0000000000000000        0.0000000000000000        0.0000000000000000     
         246   989930.00000000000        0.0000000000000000        0.0000000000000000        0.0000000000000000     
         247   989930.00000000000        0.0000000000000000        0.0000000000000000        0.0000000000000000     
         248   989930.00000000000        0.0000000000000000        0.0000000000000000        0.0000000000000000     
         249   989930.00000000000        0.0000000000000000        0.0000000000000000        0.0000000000000000     
         250   989930.00000000000        0.0000000000000000        0.0000000000000000        0.0000000000000000     
         251   989930.00000000000        0.0000000000000000        0.0000000000000000        0.0000000000000000     
         252   989930.00000000000        0.0000000000000000        0.0000000000000000        0.0000000000000000     
         253   989930.00000000000        0.0000000000000000        0.0000000000000000        0.0000000000000000     
         254   989930.00000000000        0.0000000000000000        0.0000000000000000        0.0000000000000000     
         255   989930.00000000000        0.0000000000000000        0.0000000000000000        0.0000000000000000     
         256   989930.00000000000        0.0000000000000000        0.0000000000000000        0.0000000000000000     
         257   989930.00000000000        0.0000000000000000        0.0000000000000000        0.0000000000000000     
         258   989930.00000000000        0.0000000000000000        0.0000000000000000        0.0000000000000000     
         259   989930.00000000000        0.0000000000000000        0.0000000000000000        0.0000000000000000     
         260   989930.00000000000        0.0000000000000000        0.0000000000000000        0.0000000000000000     
         261   989930.00000000000        0.0000000000000000        0.0000000000000000        0.0000000000000000     
         262   989930.00000000000        0.0000000000000000        0.0000000000000000        0.0000000000000000     
         263   989930.00000000000        0.0000000000000000        0.0000000000000000        0.0000000000000000     
         264   989930.00000000000        0.0000000000000000        0.0000000000000000        0.0000000000000000     
         265   989930.00000000000        0.0000000000000000        0.0000000000000000        0.0000000000000000     
         266   989930.00000000000        0.0000000000000000        0.0000000000000000        0.0000000000000000     
         267   989930.00000000000        0.0000000000000000        0.0000000000000000        0.0000000000000000     
         268   989930.00000000000        0.0000000000000000        0.0000000000000000        0.0000000000000000     
         269   989930.00000000000        0.0000000000000000        0.0000000000000000        0.0000000000000000     
         270   989930.00000000000        0.0000000000000000        0.0000000000000000        0.0000000000000000     
         271   989930.00000000000        0.0000000000000000        0.0000000000000000        0.0000000000000000     
         272   989930.00000000000        0.0000000000000000        0.0000000000000000        0.0000000000000000     
         273   989930.00000000000        0.0000000000000000        0.0000000000000000        0.0000000000000000     
         274   989930.00000000000        0.0000000000000000        0.0000000000000000        0.0000000000000000     
         275   989930.00000000000        0.0000000000000000        0.0000000000000000        0.0000000000000000     
         276   989930.00000000000        0.0000000000000000        0.0000000000000000        0.0000000000000000     
         277   989930.00000000000        0.0000000000000000        0.0000000000000000        0.0000000000000000     
         278   989930.00000000000        0.0000000000000000        0.0000000000000000        0.0000000000000000     
         279   989930.00000000000        0.0000000000000000        0.0000000000000000        0.0000000000000000     
         280   989930.00000000000        0.0000000000000000        0.0000000000000000        0.0000000000000000     
         281   989930.00000000000        0.0000000000000000        0.0000000000000000        0.0000000000000000     
         282   989930.00000000000        0.0000000000000000        0.0000000000000000        0.0000000000000000     
         283   989930.00000000000        0.0000000000000000        0.0000000000000000        0.0000000000000000     
         284   989930.00000000000        0.0000000000000000        0.0000000000000000        0.0000000000000000     
         285   989930.00000000000        0.0000000000000000        0.0000000000000000        0.0000000000000000     
         286   989930.00000000000        0.0000000000000000        0.0000000000000000        0.0000000000000000     
         287   989930.00000000000        0.0000000000000000        0.0000000000000000        0.0000000000000000     
         288   989930.00000000000        0.0000000000000000        0.0000000000000000        0.0000000000000000     
         289   989930.00000000000        0.0000000000000000        0.0000000000000000        0.0000000000000000     
         290   989930.00000000000        0.0000000000000000        0.0000000000000000        0.0000000000000000     
         291   989930.00000000000        0.0000000000000000        0.0000000000000000        0.0000000000000000     
         292   989930.00000000000        0.0000000000000000        0.0000000000000000        0.0000000000000000     
         293   989930.00000000000        0.0000000000000000        0.0000000000000000        0.0000000000000000     
         294   989930.00000000000        0.0000000000000000        0.0000000000000000        0.0000000000000000     
         295   989930.00000000000        0.0000000000000000        0.0000000000000000        0.0000000000000000     
         296   989930.00000000000        0.0000000000000000        0.0000000000000000        0.0000000000000000     
         297   989930.00000000000        0.0000000000000000        0.0000000000000000        0.0000000000000000     
         298   989930.00000000000        0.0000000000000000        0.0000000000000000        0.0000000000000000     
         299   989930.00000000000        0.0000000000000000        0.0000000000000000        0.0000000000000000     
         300   989930.00000000000        0.0000000000000000        0.0000000000000000        0.0000000000000000     
