 #time susceptible exposed infected recover
           1     1095425           1           0           0
           2     1095425           1           0           0
           3     1095425           1           0           0
           4     1095425           1           0           0
           5     1095425           1           0           0
           6     1095425           0           1           0
           7     1095425           0           1           0
           8     1095425           0           1           0
           9     1095425           0           1           0
          10     1095425           0           1           0
          11     1095424           1           1           0
          12     1095424           1           1           0
          13     1095424           1           1           0
          14     1095423           2           1           0
          15     1095423           2           1           0
          16     1095422           2           2           0
          17     1095422           2           2           0
          18     1095422           2           2           0
          19     1095421           2           3           0
          20     1095420           3           2           1
          21     1095420           3           2           1
          22     1095420           2           3           1
          23     1095420           2           3           1
          24     1095418           3           4           1
          25     1095416           4           5           1
          26     1095412           8           5           1
          27     1095409          11           5           1
          28     1095409          11           5           1
          29     1095408          11           6           1
          30     1095407          10           7           2
          31     1095406           8          10           2
          32     1095406           6          12           2
          33     1095403           7          13           3
          34     1095400           8          15           3
          35     1095399           8          16           3
          36     1095396          10          16           4
          37     1095392          14          16           4
          38     1095390          14          18           4
          39     1095386          15          19           6
          40     1095381          18          21           6
          41     1095375          22          23           6
          42     1095374          18          28           6
          43     1095363          27          29           7
          44     1095357          33          27           9
          45     1095353          30          29          14
          46     1095347          31          31          17
          47     1095345          29          35          17
          48     1095344          26          38          18
          49     1095336          22          49          19
          50     1095326          28          53          19
          51     1095315          34          57          20
          52     1095299          47          58          22
          53     1095286          58          58          24
          54     1095277          62          60          27
          55     1095263          66          68          29
          56     1095252          68          74          32
          57     1095236          71          83          36
          58     1095212          81          95          38
          59     1095195          86         103          42
          60     1095173          94         112          47
          61     1095154         106         115          51
          62     1095128         117         125          56
          63     1095103         119         139          65
          64     1095072         131         153          70
          65     1095031         156         161          78
          66     1094997         165         184          80
          67     1094965         183         196          82
          68     1094927         190         221          88
          69     1094868         216         245          97
          70     1094819         229         274         104
          71     1094751         266         290         119
          72     1094690         290         312         134
          73     1094626         318         339         143
          74     1094542         353         373         158
          75     1094451         392         415         168
          76     1094356         433         455         182
          77     1094261         463         499         203
          78     1094153         506         543         224
          79     1094043         539         605         239
          80     1093919         570         670         267
          81     1093773         632         740         281
          82     1093613         697         804         312
          83     1093467         739         880         340
          84     1093286         826         940         374
          85     1093072         926        1014         414
          86     1092850         993        1140         443
          87     1092615        1092        1240         479
          88     1092379        1169        1343         535
          89     1092091        1282        1466         587
          90     1091800        1392        1592         642
          91     1091445        1520        1753         708
          92     1091081        1658        1922         765
          93     1090724        1784        2069         849
          94     1090297        1926        2261         942
          95     1089845        2110        2439        1032
          96     1089359        2280        2673        1114
          97     1088829        2436        2952        1209
          98     1088211        2698        3194        1323
          99     1087540        2971        3474        1441
         100     1086877        3177        3780        1592
         101     1086116        3470        4122        1718
         102     1085261        3846        4435        1884
         103     1084333        4184        4873        2036
         104     1083309        4560        5314        2243
         105     1082215        5003        5748        2460
         106     1081080        5410        6248        2688
         107     1079813        5845        6844        2924
         108     1078389        6406        7424        3207
         109     1076851        6946        8163        3466
         110     1075239        7528        8865        3794
         111     1073516        8135        9609        4166
         112     1071578        8869       10464        4515
         113     1069541        9537       11418        4930
         114     1067237       10393       12435        5361
         115     1064779       11292       13522        5833
         116     1062170       12196       14702        6358
         117     1059322       13250       15938        6916
         118     1056200       14351       17289        7586
         119     1052780       15638       18811        8197
         120     1049125       16872       20468        8961
         121     1045170       18303       22219        9734
         122     1041009       19780       24010       10627
         123     1036498       21304       26002       11622
         124     1031683       22817       28241       12685
         125     1026513       24445       30669       13799
         126     1021072       26086       33295       14973
         127     1015195       27910       36002       16319
         128     1008926       29882       38822       17796
         129     1002097       32001       41952       19376
         130      994781       34281       45291       21073
         131      987064       36731       48742       22889
         132      978974       39089       52551       24812
         133      970405       41667       56317       27037
         134      961516       43924       60588       29398
         135      952048       46383       65064       31931
         136      941989       48862       69939       34636
         137      931636       51342       74804       37644
         138      920717       53976       79786       40947
         139      909452       56543       85013       44418
         140      897591       59158       90455       48222
         141      885297       61706       96035       52388
         142      872591       64257      101931       56647
         143      859567       66721      107788       61350
         144      846552       68597      113929       66348
         145      833015       70491      120319       71601
         146      819054       72319      126765       77288
         147      804861       74112      133160       83293
         148      790523       75605      139380       89918
         149      775987       77179      145226       97034
         150      761659       78104      151247      104416
         151      747107       78922      157023      112374
         152      732691       79188      162783      120764
         153      718356       79279      168266      129525
         154      704390       78749      173593      138694
         155      690328       78518      178109      148471
         156      676442       77918      182417      158649
         157      662704       77216      186295      169211
         158      649206       76297      189650      180273
         159      636346       75030      192166      191884
         160      623619       73797      194018      203992
         161      610968       72355      195574      216529
         162      598651       71034      196412      229329
         163      586806       69165      197083      242372
         164      575252       67600      196970      255604
         165      564005       66015      196015      269391
         166      552910       64343      194722      283451
         167      542234       62592      192747      297853
         168      531885       60827      190620      312094
         169      521793       59301      187718      326614
         170      511941       57720      184730      341035
         171      502652       55743      181486      355545
         172      493497       54010      178014      369905
         173      484651       52291      174434      384050
         174      476004       50804      170556      398062
         175      467661       49168      166497      412100
         176      459569       47787      162210      425860
         177      451614       46515      157854      439443
         178      443947       45081      153796      452602
         179      436645       43714      149697      465370
         180      429575       42209      145456      478186
         181      422737       40928      141156      490605
         182      416049       39534      137100      502743
         183      409703       38051      133282      514390
         184      403273       37031      129312      525810
         185      397168       35907      125325      537026
         186      391311       34818      121510      547787
         187      385525       33865      117628      558408
         188      380067       32869      113784      568706
         189      374861       31671      110273      578621
         190      369893       30383      107047      588103
         191      364852       29364      103921      597289
         192      360143       28239      100728      606316
         193      355494       27308       97531      615093
         194      351140       26282       94419      623585
         195      346870       25524       91234      631798
         196      342793       24569       88203      639861
         197      338701       23834       85151      647740
         198      334856       23007       82467      655096
         199      331041       22364       79721      662300
         200      327469       21561       77144      669252
         201      323933       20898       74592      676003
         202      320419       20335       72055      682617
         203      317153       19600       69827      688846
         204      313888       19076       67309      695153
         205      310684       18608       64863      701271
         206      307500       18210       62644      707072
         207      304278       17894       60648      712606
         208      301196       17628       58664      717938
         209      298146       17355       56931      722994
         210      295078       17253       54967      728128
         211      292061       17088       53405      732872
         212      288931       16887       51960      737648
         213      285877       16854       50624      742071
         214      282738       16980       49304      746404
         215      279677       16960       48174      750615
         216      276621       16981       47150      754674
         217      273464       17076       46263      758623
         218      270342       17091       45531      762462
         219      267236       17058       44980      766152
         220      263993       17193       44537      769703
         221      260744       17395       44050      773237
         222      257467       17593       43742      776624
         223      254265       17698       43586      779877
         224      250978       17846       43500      783102
         225      247788       17874       43408      786356
         226      244549       17869       43440      789568
         227      241328       17809       43621      792668
         228      238089       17828       43752      795757
         229      234960       17658       44004      798804
         230      231864       17536       44147      801879
         231      228734       17459       44239      804994
         232      225784       17173       44464      808005
         233      222858       16858       44552      811158
         234      220106       16458       44601      814261
         235      217441       15988       44746      817251
         236      214800       15467       44778      820381
         237      212310       14964       44636      823516
         238      210000       14346       44551      826529
         239      207635       13841       44212      829738
         240      205450       13312       43612      833052
         241      203461       12671       42997      836297
         242      201556       12003       42329      839538
         243      199750       11415       41435      842826
         244      198044       10749       40732      845901
         245      196479       10068       39686      849193
         246      195052        9394       38481      852499
         247      193656        8851       37160      855759
         248      192341        8304       35868      858913
         249      191191        7739       34516      861980
         250      190144        7111       33002      865169
         251      189182        6563       31495      868186
         252      188242        6102       30025      871057
         253      187440        5586       28497      873903
         254      186651        5123       27048      876604
         255      185928        4708       25490      879300
         256      185290        4356       23880      881900
         257      184712        4002       22442      884270
         258      184224        3608       20998      886596
         259      183773        3255       19549      888849
         260      183353        2942       18162      890969
         261      182981        2634       16885      892926
         262      182629        2374       15600      894823
         263      182323        2169       14412      896522
         264      182052        1945       13266      898163
         265      181777        1797       12180      899672
         266      181543        1640       11171      901072
         267      181318        1485       10199      902424
         268      181110        1369        9319      903628
         269      180953        1224        8514      904735
         270      180796        1113        7758      905759
         271      180664         996        7039      906727
         272      180534         901        6416      907575
         273      180427         782        5853      908364
         274      180347         685        5249      909145
         275      180260         631        4692      909843
         276      180189         556        4262      910419
         277      180112         492        3877      910945
         278      180054         421        3514      911437
         279      180003         390        3171      911862
         280      179951         346        2865      912264
         281      179908         319        2583      912616
         282      179872         273        2344      912937
         283      179844         239        2110      913233
         284      179813         218        1873      913522
         285      179789         184        1688      913765
         286      179754         171        1505      913996
         287      179730         155        1339      914202
         288      179714         143        1187      914382
         289      179693         135        1044      914554
         290      179678         123         936      914689
         291      179669         103         824      914830
         292      179661          78         742      914945
         293      179652          75         658      915041
         294      179641          59         610      915116
         295      179628          61         537      915200
         296      179625          50         472      915279
         297      179617          50         420      915339
         298      179613          46         363      915404
         299      179609          38         328      915451
         300      179606          27         294      915499
         301      179601          25         260      915540
         302      179598          22         235      915571
         303      179596          18         214      915598
         304      179588          24         187      915627
         305      179585          21         163      915657
         306      179582          22         137      915685
         307      179580          19         127      915700
         308      179578          19         107      915722
         309      179576          15          91      915744
         310      179573          14          87      915752
         311      179572          13          82      915759
         312      179570          10          77      915769
         313      179569          10          67      915780
         314      179567          10          54      915795
         315      179565           9          52      915800
         316      179563           9          48      915806
         317      179562           9          43      915812
         318      179562           7          41      915816
         319      179562           6          38      915820
         320      179562           4          39      915821
         321      179561           3          36      915826
         322      179560           2          35      915829
         323      179558           4          30      915834
         324      179558           4          25      915839
         325      179558           4          24      915840
         326      179558           3          20      915845
         327      179558           3          17      915848
         328      179558           0          19      915849
         329      179558           0          17      915851
         330      179558           0          14      915854
         331      179558           0          13      915855
         332      179558           0          11      915857
         333      179558           0          11      915857
         334      179558           0           8      915860
         335      179558           0           7      915861
         336      179558           0           5      915863
         337      179557           1           4      915864
         338      179557           1           4      915864
         339      179557           1           4      915864
         340      179557           1           3      915865
         341      179557           1           2      915866
         342      179557           1           0      915868
         343      179557           0           1      915868
         344      179557           0           1      915868
         345      179557           0           1      915868
         346      179557           0           1      915868
         347      179557           0           1      915868
         348      179557           0           1      915868
         349      179557           0           1      915868
         350      179557           0           1      915868
         351      179557           0           1      915868
         352      179557           0           1      915868
         353      179557           0           1      915868
         354      179557           0           1      915868
         355      179557           0           1      915868
         356      179557           0           0      915869
           1     1095425           1           0           0
           2     1095425           1           0           0
           3     1095425           1           0           0
           4     1095425           1           0           0
           5     1095425           1           0           0
           6     1095425           0           1           0
           7     1095425           0           1           0
           8     1095425           0           1           0
           9     1095424           1           1           0
          10     1095424           1           1           0
          11     1095424           1           1           0
          12     1095424           1           1           0
          13     1095423           2           1           0
          14     1095423           1           2           0
          15     1095423           1           2           0
          16     1095423           1           2           0
          17     1095422           2           2           0
          18     1095422           1           3           0
          19     1095421           2           3           0
          20     1095421           2           2           1
          21     1095420           3           2           1
          22     1095420           2           3           1
          23     1095419           3           3           1
          24     1095418           3           4           1
          25     1095418           3           4           1
          26     1095417           4           4           1
          27     1095414           6           5           1
          28     1095414           5           5           2
          29     1095414           4           6           2
          30     1095412           6           6           2
          31     1095412           6           6           2
          32     1095412           3           9           2
          33     1095411           3           9           3
          34     1095409           5           9           3
          35     1095407           5          11           3
          36     1095405           7          10           4
          37     1095403           9          10           4
          38     1095402          10          10           4
          39     1095399          11          11           5
          40     1095398          11          11           6
          41     1095396           9          15           6
          42     1095392          12          16           6
          43     1095392          11          15           8
          44     1095389          11          18           8
          45     1095387          12          19           8
          46     1095384          12          20          10
          47     1095379          16          20          11
          48     1095376          16          22          12
          49     1095370          21          23          12
          50     1095366          22          25          13
          51     1095362          25          25          14
          52     1095358          23          31          14
          53     1095350          28          31          17
          54     1095343          30          35          18
          55     1095334          34          37          21
          56     1095327          38          38          23
          57     1095321          40          41          24
          58     1095313          42          45          26
          59     1095302          44          52          28
          60     1095288          51          57          30
          61     1095276          56          63          31
          62     1095262          63          67          34
          63     1095252          67          71          36
          64     1095239          70          80          37
          65     1095224          70          91          41
          66     1095198          81         103          44
          67     1095177          94         107          48
          68     1095154         104         116          52
          69     1095127         116         125          58
          70     1095096         136         133          61
          71     1095067         142         153          64
          72     1095031         160         164          71
          73     1094993         170         181          82
          74     1094955         187         196          88
          75     1094913         201         219          93
          76     1094868         209         248         101
          77     1094817         234         266         109
          78     1094756         259         292         119
          79     1094673         297         325         131
          80     1094608         328         344         146
          81     1094540         346         382         158
          82     1094444         394         419         169
          83     1094347         444         456         179
          84     1094240         476         513         197
          85     1094141         494         577         214
          86     1094006         567         612         241
          87     1093886         598         681         261
          88     1093741         653         745         287
          89     1093584         708         821         313
          90     1093403         791         884         348
          91     1093229         837         985         375
          92     1093044         902        1068         412
          93     1092818         996        1163         449
          94     1092577        1086        1273         490
          95     1092305        1188        1400         533
          96     1092007        1315        1524         580
          97     1091710        1433        1653         630
          98     1091370        1549        1796         711
          99     1090993        1704        1939         790
         100     1090562        1887        2122         855
         101     1090118        2050        2328         930
         102     1089648        2209        2557        1012
         103     1089099        2449        2743        1135
         104     1088560        2617        3018        1231
         105     1087985        2798        3284        1359
         106     1087305        3056        3584        1481
         107     1086593        3293        3921        1619
         108     1085801        3582        4276        1767
         109     1084949        3875        4667        1935
         110     1083964        4301        5047        2114
         111     1082959        4695        5482        2290
         112     1081827        5135        5954        2510
         113     1080557        5613        6512        2744
         114     1079213        6185        7037        2991
         115     1077793        6669        7700        3264
         116     1076306        7147        8407        3566
         117     1074664        7734        9118        3910
         118     1072790        8413        9969        4254
         119     1070775        9105       10897        4649
         120     1068658        9835       11839        5094
         121     1066358       10698       12821        5549
         122     1063847       11570       13926        6083
         123     1061141       12578       15100        6607
         124     1058164       13624       16479        7159
         125     1054946       14757       17947        7776
         126     1051492       15974       19479        8481
         127     1047804       17287       21086        9249
         128     1043878       18572       22916       10060
         129     1039571       20063       24816       10976
         130     1034956       21634       26856       11980
         131     1030041       23141       29215       13029
         132     1024760       24830       31574       14262
         133     1019033       26838       33981       15574
         134     1012924       28844       36713       16945
         135     1006331       30991       39685       18419
         136      999301       33243       42926       19956
         137      991940       35517       46250       21719
         138      984174       37724       49857       23671
         139      975903       39993       53828       25702
         140      966944       42733       57860       27889
         141      957523       45312       62224       30367
         142      947842       47796       66798       32990
         143      937552       50530       71575       35769
         144      926690       53424       76405       38907
         145      915570       55888       81777       42191
         146      903900       58378       87291       45857
         147      891743       60932       93118       49633
         148      878988       63651       99081       53706
         149      865855       66175      105292       58104
         150      852396       68799      111331       62900
         151      838421       71272      117771       67962
         152      824242       73605      124055       73524
         153      809922       75513      130507       79484
         154      795319       77164      137077       85866
         155      780604       78585      143606       92631
         156      765786       79654      150240       99746
         157      750973       80356      156685      107412
         158      735712       81314      163062      115338
         159      720993       81603      168830      124000
         160      706188       81732      174360      133146
         161      691566       81617      179487      142756
         162      677248       81207      184217      152754
         163      662912       80379      188822      163313
         164      648824       79418      192889      174295
         165      635104       78551      195976      185795
         166      621789       77108      198885      197644
         167      608796       75633      200889      210108
         168      595965       73996      202502      222963
         169      583534       72297      203295      236300
         170      571375       70563      203494      249994
         171      559790       68597      202856      264183
         172      548399       66934      201630      278463
         173      537625       64747      200063      292991
         174      527022       62682      198151      307571
         175      516686       60755      195653      322332
         176      506875       58782      192749      337020
         177      497287       56745      189277      352117
         178      488219       54738      185429      367040
         179      479262       52976      181286      381902
         180      470757       51042      177096      396531
         181      462517       49376      172483      411050
         182      454519       47474      168043      425390
         183      446867       45833      163175      439551
         184      439346       44313      158406      453361
         185      432124       42862      153378      467062
         186      425062       41579      148722      480063
         187      418405       40173      143742      493106
         188      411874       38752      139045      505755
         189      405665       37427      134313      518021
         190      399528       36176      129900      529822
         191      393599       35103      125379      541345
         192      387850       33900      121214      552462
         193      382297       32838      117161      563130
         194      377004       31743      113195      573484
         195      371644       30935      109296      583551
         196      366435       30121      105448      593422
         197      361492       29246      102043      602645
         198      356723       28368       98660      611675
         199      352042       27675       95252      620457
         200      347439       26834       92325      628828
         201      343077       25993       89494      636862
         202      338697       25231       86755      644743
         203      334472       24619       84094      652241
         204      330284       24069       81352      659721
         205      326299       23446       78963      666718
         206      322349       22919       76552      673606
         207      318472       22404       74315      680235
         208      314670       21899       72213      686644
         209      310891       21524       70191      692820
         210      307227       21116       68211      698872
         211      303605       20662       66393      704766
         212      300017       20431       64529      710449
         213      296512       20043       63114      715757
         214      293033       19743       61560      721090
         215      289543       19467       59998      726418
         216      286122       19274       58545      731485
         217      282727       19070       57303      736326
         218      279326       18923       56125      741052
         219      275837       18984       54938      745667
         220      272416       18814       54008      750188
         221      269016       18790       53102      754518
         222      265575       18889       52123      758839
         223      262304       18649       51470      763003
         224      258982       18564       50767      767113
         225      255596       18545       50136      771149
         226      252243       18447       49771      774965
         227      248931       18297       49245      778953
         228      245745       18200       48798      782683
         229      242623       17987       48414      786402
         230      239436       17874       48137      789979
         231      236312       17614       47913      793587
         232      233169       17406       47685      797166
         233      230166       17145       47458      800657
         234      227280       16899       47066      804181
         235      224447       16600       46783      807596
         236      221750       16122       46533      811021
         237      219080       15692       46160      814494
         238      216548       15118       45848      817912
         239      214106       14631       45368      821321
         240      211722       14124       44891      824689
         241      209451       13671       44186      828118
         242      207336       13109       43567      831414
         243      205358       12504       42844      834720
         244      203488       11839       42013      838086
         245      201695       11163       41029      841539
         246      199953       10623       40068      844782
         247      198276       10105       38924      848121
         248      196766        9578       37809      851273
         249      195366        9031       36590      854439
         250      194028        8525       35279      857594
         251      192804        8004       33928      860690
         252      191610        7500       32600      863716
         253      190553        6922       31302      866649
         254      189591        6462       29832      869541
         255      188669        6035       28408      872314
         256      187755        5656       27025      874990
         257      187033        5194       25606      877593
         258      186351        4724       24248      880103
         259      185710        4379       22843      882494
         260      185078        4031       21491      884826
         261      184585        3607       20251      886983
         262      184114        3264       18986      889062
         263      183632        3049       17706      891039
         264      183210        2842       16503      892871
         265      182844        2558       15413      894611
         266      182521        2312       14273      896320
         267      182201        2150       13173      897902
         268      181934        1934       12166      899392
         269      181690        1721       11254      900761
         270      181487        1560       10369      902010
         271      181292        1387        9579      903168
         272      181132        1242        8726      904326
         273      180991        1077        7997      905361
         274      180865         948        7311      906302
         275      180753         842        6598      907233
         276      180659         737        5984      908046
         277      180572         648        5475      908731
         278      180483         579        4967      909397
         279      180413         506        4453      910054
         280      180346         454        4036      910590
         281      180275         439        3622      911090
         282      180208         408        3248      911562
         283      180148         379        2901      911998
         284      180109         337        2592      912388
         285      180067         307        2321      912731
         286      180027         286        2052      913061
         287      179998         250        1821      913357
         288      179966         211        1625      913624
         289      179940         192        1453      913841
         290      179915         169        1311      914031
         291      179894         154        1157      914221
         292      179880         132        1054      914360
         293      179867         117         937      914505
         294      179847         104         862      914613
         295      179835          89         774      914728
         296      179826          78         718      914804
         297      179819          71         641      914895
         298      179809          62         580      914975
         299      179802          53         527      915044
         300      179794          51         458      915123
         301      179791          41         408      915186
         302      179785          36         353      915252
         303      179780          35         321      915290
         304      179774          32         279      915341
         305      179770          27         251      915378
         306      179767          26         220      915413
         307      179767          20         193      915446
         308      179767          18         169      915472
         309      179762          16         146      915502
         310      179760          12         130      915524
         311      179758           9         124      915535
         312      179755          12         104      915555
         313      179752          15          86      915573
         314      179751          14          78      915583
         315      179751          11          70      915594
         316      179749           9          64      915604
         317      179748           8          57      915613
         318      179747           6          52      915621
         319      179745           6          45      915630
         320      179744           7          42      915633
         321      179744           6          37      915639
         322      179744           5          31      915646
         323      179744           5          28      915649
         324      179743           4          24      915655
         325      179742           3          23      915658
         326      179742           2          24      915658
         327      179742           2          23      915659
         328      179742           2          22      915660
         329      179742           2          18      915664
         330      179742           0          17      915667
         331      179742           0          15      915669
         332      179742           0          10      915674
         333      179742           0          10      915674
         334      179742           0           9      915675
         335      179742           0           9      915675
         336      179742           0           6      915678
         337      179742           0           5      915679
         338      179742           0           5      915679
         339      179742           0           3      915681
         340      179742           0           2      915682
         341      179742           0           2      915682
         342      179742           0           2      915682
         343      179742           0           2      915682
         344      179742           0           1      915683
         345      179742           0           0      915684
           1     1095425           1           0           0
           2     1095425           1           0           0
           3     1095425           1           0           0
           4     1095425           1           0           0
           5     1095425           1           0           0
           6     1095425           1           0           0
           7     1095425           0           1           0
           8     1095425           0           1           0
           9     1095425           0           1           0
          10     1095425           0           1           0
          11     1095425           0           1           0
          12     1095424           1           1           0
          13     1095424           1           1           0
          14     1095424           1           1           0
          15     1095424           1           1           0
          16     1095424           1           1           0
          17     1095424           0           2           0
          18     1095424           0           2           0
          19     1095424           0           2           0
          20     1095424           0           1           1
          21     1095424           0           1           1
          22     1095424           0           1           1
          23     1095423           1           1           1
          24     1095423           1           1           1
          25     1095422           2           1           1
          26     1095422           2           1           1
          27     1095422           2           1           1
          28     1095422           2           1           1
          29     1095420           3           2           1
          30     1095418           5           2           1
          31     1095417           5           2           2
          32     1095416           6           2           2
          33     1095414           8           2           2
          34     1095414           6           4           2
          35     1095413           6           5           2
          36     1095412           5           7           2
          37     1095410           6           8           2
          38     1095410           4          10           2
          39     1095409           5          10           2
          40     1095407           7          10           2
          41     1095406           6          12           2
          42     1095405           5          14           2
          43     1095404           6          13           3
          44     1095403           6          14           3
          45     1095398           9          15           4
          46     1095396          11          15           4
          47     1095391          14          17           4
          48     1095385          19          17           5
          49     1095384          19          17           6
          50     1095379          22          17           8
          51     1095373          25          19           9
          52     1095372          21          21          12
          53     1095365          23          26          12
          54     1095359          27          27          13
          55     1095353          27          32          14
          56     1095348          27          36          15
          57     1095340          33          38          15
          58     1095331          39          39          17
          59     1095325          37          45          19
          60     1095315          44          48          19
          61     1095305          48          52          21
          62     1095298          46          60          22
          63     1095286          50          67          23
          64     1095265          64          69          28
          65     1095255          66          76          29
          66     1095242          70          81          33
          67     1095222          78          86          40
          68     1095206          83          96          41
          69     1095187          88         108          43
          70     1095163          98         115          50
          71     1095138         109         126          53
          72     1095117         116         136          57
          73     1095088         129         142          67
          74     1095065         135         157          69
          75     1095032         144         175          75
          76     1094990         160         194          82
          77     1094947         183         208          88
          78     1094905         201         224          96
          79     1094856         222         242         106
          80     1094814         236         261         115
          81     1094772         241         289         124
          82     1094710         254         328         134
          83     1094632         293         349         152
          84     1094544         330         387         165
          85     1094466         375         405         180
          86     1094386         412         433         195
          87     1094300         441         472         213
          88     1094200         475         525         226
          89     1094087         503         589         247
          90     1093973         545         639         269
          91     1093837         593         699         297
          92     1093710         628         764         324
          93     1093540         714         823         349
          94     1093366         777         905         378
          95     1093180         845         988         413
          96     1092957         933        1079         457
          97     1092744        1032        1143         507
          98     1092502        1130        1250         544
          99     1092241        1221        1378         586
         100     1091946        1328        1520         632
         101     1091638        1429        1675         684
         102     1091255        1598        1829         744
         103     1090901        1723        1976         826
         104     1090459        1922        2129         916
         105     1090010        2081        2342         993
         106     1089576        2232        2528        1090
         107     1089044        2434        2776        1172
         108     1088473        2622        3043        1288
         109     1087858        2824        3349        1395
         110     1087173        3095        3625        1533
         111     1086407        3388        3980        1651
         112     1085622        3680        4337        1787
         113     1084733        4022        4698        1973
         114     1083782        4359        5126        2159
         115     1082730        4787        5551        2358
         116     1081588        5212        6052        2574
         117     1080423        5615        6577        2811
         118     1079116        6024        7234        3052
         119     1077629        6635        7819        3343
         120     1076039        7233        8531        3623
         121     1074385        7766        9316        3959
         122     1072549        8457       10072        4348
         123     1070506        9252       10926        4742
         124     1068380        9992       11867        5187
         125     1065984       10823       12981        5638
         126     1063476       11730       14098        6122
         127     1060708       12740       15304        6674
         128     1057732       13786       16649        7259
         129     1054549       14893       18088        7896
         130     1051162       16026       19613        8625
         131     1047416       17321       21290        9399
         132     1043335       18820       23046       10225
         133     1038995       20236       25064       11131
         134     1034364       21776       27116       12170
         135     1029338       23508       29301       13279
         136     1023900       25359       31760       14407
         137     1018205       27199       34386       15636
         138     1012009       29087       37283       17047
         139     1005483       31209       40157       18577
         140      998388       33485       43367       20186
         141      990992       35588       46856       21990
         142      983093       38003       50399       23931
         143      974724       40387       54295       26020
         144      965964       42840       58366       28256
         145      956622       45393       62682       30729
         146      946764       47968       67411       33283
         147      936511       50580       72166       36169
         148      925813       53131       77217       39265
         149      914504       55819       82519       42584
         150      902762       58509       88010       46145
         151      890690       61065       93594       50077
         152      878139       63470       99520       54297
         153      865048       66181      105504       58693
         154      852074       68096      111735       63521
         155      838470       70174      117958       68824
         156      824720       71950      124377       74379
         157      810770       73681      130648       80327
         158      796610       75005      137185       86626
         159      782136       76544      143315       93431
         160      767602       77539      149571      100714
         161      753053       78631      155421      108321
         162      738596       79221      161102      116507
         163      724215       79378      166795      125038
         164      709866       79538      171824      134198
         165      695506       79326      176855      143739
         166      681346       78998      181305      153777
         167      667665       78227      185230      164304
         168      654144       77308      188696      175278
         169      640929       76094      191557      186846
         170      627946       74791      193901      198788
         171      615244       73065      196091      211026
         172      602791       71696      197205      223734
         173      590907       70002      197744      236773
         174      579023       68499      197670      250234
         175      567696       66748      197159      263823
         176      556802       64776      196215      277633
         177      546087       62971      194634      291734
         178      535878       61039      192421      306088
         179      525909       58975      189984      320558
         180      516391       56931      186926      335178
         181      507163       55072      183537      349654
         182      498043       53474      179855      364054
         183      489178       51791      176081      378376
         184      480618       50161      172051      392596
         185      472509       48585      167319      407013
         186      464639       47138      162807      420842
         187      456914       45685      158330      434497
         188      449463       44169      154024      447770
         189      442002       42935      149434      461055
         190      434794       41798      145010      473824
         191      427761       40789      140547      486329
         192      421068       39737      136087      498534
         193      414394       38813      131697      510522
         194      407864       37888      127492      522182
         195      401484       36897      123922      533123
         196      395442       35849      120167      543968
         197      389420       35016      116604      554386
         198      383533       34221      113116      564556
         199      377728       33415      110029      574254
         200      372142       32453      107141      583690
         201      366696       31839      104125      592766
         202      361248       31107      101361      601710
         203      356072       30373       98338      610643
         204      351015       29707       95828      618876
         205      345962       28961       93722      626781
         206      341006       28454       91318      634648
         207      336196       27723       89261      642246
         208      331400       27287       87055      649684
         209      326786       26808       84772      657060
         210      322153       26348       82788      664137
         211      317707       25724       80955      671040
         212      313284       25301       79151      677690
         213      309012       24704       77343      684367
         214      304713       24344       75600      690769
         215      300371       24064       74036      696955
         216      296218       23745       72487      702976
         217      292169       23398       70948      708911
         218      288192       22936       69481      714817
         219      284258       22601       68028      720539
         220      280306       22186       66963      725971
         221      276373       21882       65740      731431
         222      272513       21645       64537      736731
         223      268782       21360       63380      741904
         224      265016       21216       62222      746972
         225      261328       20961       61157      751980
         226      257512       20849       60172      756893
         227      253935       20538       59345      761608
         228      250511       20164       58401      766350
         229      247126       19819       57513      770968
         230      243651       19520       56752      775503
         231      240331       19093       56075      779927
         232      236973       18744       55401      784308
         233      233828       18382       54723      788493
         234      230579       18220       53740      792887
         235      227588       17768       52909      797161
         236      224671       17354       52106      801295
         237      221934       16728       51504      805260
         238      219167       16286       50759      809214
         239      216603       15535       50145      813143
         240      214041       15068       49244      817073
         241      211735       14475       48271      820945
         242      209447       13859       47348      824772
         243      207303       13251       46324      828548
         244      205269       12602       45283      832272
         245      203362       11967       44071      836026
         246      201532       11372       42822      839700
         247      199779       10835       41576      843236
         248      198213       10139       40489      846585
         249      196751        9532       39091      850052
         250      195387        8890       37734      853415
         251      194027        8446       36172      856781
         252      192790        7883       34754      859999
         253      191706        7308       33199      863213
         254      190621        6885       31567      866353
         255      189679        6359       30154      869234
         256      188754        5974       28625      872073
         257      187977        5412       27157      874880
         258      187215        5034       25632      877545
         259      186528        4592       24204      880102
         260      185903        4249       22793      882481
         261      185317        3895       21383      884831
         262      184817        3529       19989      887091
         263      184316        3281       18651      889178
         264      183873        3026       17376      891151
         265      183472        2772       16217      892965
         266      183114        2487       15037      894788
         267      182806        2257       13947      896416
         268      182502        2057       12961      897906
         269      182241        1864       11999      899322
         270      182000        1656       11097      900673
         271      181790        1518       10087      902031
         272      181587        1386        9320      903133
         273      181430        1216        8516      904264
         274      181282        1089        7758      905297
         275      181149         978        7077      906222
         276      181019         878        6463      907066
         277      180923         777        5871      907855
         278      180832         687        5377      908530
         279      180746         616        4868      909196
         280      180659         568        4403      909796
         281      180589         507        3986      910344
         282      180529         443        3610      910844
         283      180470         400        3241      911315
         284      180427         364        2889      911746
         285      180386         319        2580      912141
         286      180352         262        2347      912465
         287      180318         238        2093      912777
         288      180285         208        1887      913046
         289      180255         190        1667      913314
         290      180240         166        1478      913542
         291      180219         151        1309      913747
         292      180199         133        1169      913925
         293      180177         124        1069      914056
         294      180158         110         954      914204
         295      180146         106         834      914340
         296      180134          97         746      914449
         297      180126          83         662      914555
         298      180117          73         600      914636
         299      180107          59         532      914728
         300      180094          58         464      914810
         301      180086          54         420      914866
         302      180079          52         373      914922
         303      180073          49         331      914973
         304      180070          41         295      915020
         305      180063          39         271      915053
         306      180057          33         249      915087
         307      180050          32         220      915124
         308      180046          29         195      915156
         309      180044          28         178      915176
         310      180043          24         163      915196
         311      180040          18         151      915217
         312      180039          13         135      915239
         313      180037          11         119      915259
         314      180033          13         108      915272
         315      180032          11          97      915286
         316      180031          11          87      915297
         317      180031           8          82      915305
         318      180029           8          76      915313
         319      180028           7          64      915327
         320      180027           6          57      915336
         321      180026           5          51      915344
         322      180026           5          44      915351
         323      180026           3          42      915355
         324      180026           3          39      915358
         325      180025           3          29      915369
         326      180025           1          25      915375
         327      180025           1          23      915377
         328      180025           1          20      915380
         329      180025           1          17      915383
         330      180025           1          16      915384
         331      180025           0          14      915387
         332      180025           0          13      915388
         333      180025           0           9      915392
         334      180025           0           8      915393
         335      180025           0           6      915395
         336      180025           0           6      915395
         337      180025           0           4      915397
         338      180025           0           3      915398
         339      180025           0           2      915399
         340      180025           0           2      915399
         341      180024           1           1      915400
         342      180024           1           1      915400
         343      180024           1           1      915400
         344      180024           1           0      915401
         345      180024           1           0      915401
         346      180024           1           0      915401
         347      180024           0           1      915401
         348      180024           0           1      915401
         349      180024           0           1      915401
         350      180024           0           1      915401
         351      180024           0           1      915401
         352      180024           0           1      915401
         353      180024           0           1      915401
         354      180024           0           1      915401
         355      180024           0           1      915401
         356      180024           0           1      915401
         357      180024           0           1      915401
         358      180024           0           1      915401
         359      180024           0           1      915401
         360      180024           0           0      915402
           1     1095425           1           0           0
           2     1095425           1           0           0
           3     1095425           1           0           0
           4     1095425           1           0           0
           5     1095425           1           0           0
           6     1095425           0           1           0
           7     1095425           0           1           0
           8     1095425           0           1           0
           9     1095424           1           1           0
          10     1095424           1           1           0
          11     1095424           1           1           0
          12     1095424           1           1           0
          13     1095424           1           1           0
          14     1095424           0           2           0
          15     1095423           1           2           0
          16     1095423           1           2           0
          17     1095423           1           2           0
          18     1095423           1           2           0
          19     1095423           1           2           0
          20     1095423           1           1           1
          21     1095423           0           2           1
          22     1095423           0           2           1
          23     1095423           0           2           1
          24     1095422           1           2           1
          25     1095422           1           2           1
          26     1095422           1           2           1
          27     1095421           2           2           1
          28     1095421           2           2           1
          29     1095420           3           1           2
          30     1095420           2           2           2
          31     1095419           3           2           2
          32     1095419           3           2           2
          33     1095416           5           3           2
          34     1095416           4           3           3
          35     1095415           5           3           3
          36     1095411           9           3           3
          37     1095410           9           4           3
          38     1095409           8           6           3
          39     1095408           8           7           3
          40     1095407           9           7           3
          41     1095406           7          10           3
          42     1095402           9          12           3
          43     1095399          11          13           3
          44     1095398          10          14           4
          45     1095391          17          14           4
          46     1095388          18          15           5
          47     1095388          16          17           5
          48     1095384          16          21           5
          49     1095384          14          22           6
          50     1095377          20          23           6
          51     1095371          19          29           7
          52     1095366          23          28           9
          53     1095355          30          31          10
          54     1095347          37          32          10
          55     1095334          47          33          12
          56     1095326          50          35          15
          57     1095319          52          39          16
          58     1095315          45          49          17
          59     1095307          44          56          19
          60     1095293          46          67          20
          61     1095284          44          76          22
          62     1095271          51          77          27
          63     1095246          72          81          27
          64     1095235          76          80          35
          65     1095220          81          89          36
          66     1095204          86          98          38
          67     1095176         106         104          40
          68     1095151         110         123          42
          69     1095124         118         137          47
          70     1095105         122         147          52
          71     1095069         143         156          58
          72     1095034         154         173          65
          73     1095006         162         181          77
          74     1094978         158         202          88
          75     1094937         185         205          99
          76     1094888         202         231         105
          77     1094841         204         272         109
          78     1094788         234         288         116
          79     1094735         253         312         126
          80     1094675         283         330         138
          81     1094609         303         367         147
          82     1094514         345         397         170
          83     1094427         390         421         188
          84     1094333         429         467         197
          85     1094248         463         502         213
          86     1094142         500         550         234
          87     1094025         542         600         259
          88     1093905         555         672         294
          89     1093772         614         731         309
          90     1093627         664         794         341
          91     1093445         749         855         377
          92     1093279         812         930         405
          93     1093054         921        1014         437
          94     1092831         999        1128         468
          95     1092594        1095        1219         518
          96     1092334        1186        1337         569
          97     1092047        1322        1449         608
          98     1091727        1440        1593         666
          99     1091410        1512        1780         724
         100     1091043        1675        1926         782
         101     1090688        1775        2098         865
         102     1090291        1908        2263         964
         103     1089835        2059        2492        1040
         104     1089335        2211        2752        1128
         105     1088747        2466        2977        1236
         106     1088109        2739        3237        1341
         107     1087444        3050        3476        1456
         108     1086701        3339        3797        1589
         109     1085967        3620        4119        1720
         110     1085084        3961        4484        1897
         111     1084210        4206        4961        2049
         112     1083199        4576        5390        2261
         113     1082122        4949        5862        2493
         114     1080918        5399        6399        2710
         115     1079651        5866        6949        2960
         116     1078238        6435        7516        3237
         117     1076682        7014        8175        3555
         118     1075043        7610        8918        3855
         119     1073264        8258        9710        4194
         120     1071329        8937       10625        4535
         121     1069219        9690       11568        4949
         122     1066968       10523       12559        5376
         123     1064460       11374       13765        5827
         124     1061733       12424       14889        6380
         125     1058907       13392       16102        7025
         126     1055759       14516       17479        7672
         127     1052405       15672       18959        8390
         128     1048749       17008       20596        9073
         129     1044855       18227       22418        9926
         130     1040704       19627       24335       10760
         131     1036247       21084       26355       11740
         132     1031320       22801       28542       12763
         133     1026114       24451       30956       13905
         134     1020558       26219       33532       15117
         135     1014743       28016       36175       16492
         136     1008297       30165       38968       17996
         137     1001487       32294       42105       19540
         138      994192       34531       45430       21273
         139      986538       36762       48957       23169
         140      978450       39292       52594       25090
         141      969794       41789       56524       27319
         142      960846       44089       60782       29709
         143      951348       46528       65242       32308
         144      941393       49021       69905       35107
         145      931082       51423       74825       38096
         146      920137       53959       80047       41283
         147      908891       56416       85248       44871
         148      896957       59079       90726       48664
         149      884875       61474       96435       52642
         150      872386       63878      102174       56988
         151      859548       66018      108233       61627
         152      846276       68326      114036       66788
         153      832855       70077      120318       72176
         154      818943       71940      126795       77748
         155      804870       73795      132845       83916
         156      790829       75124      138857       90616
         157      776585       76285      144897       97659
         158      762322       77167      150827      105110
         159      748287       77595      156608      112936
         160      733690       78255      162223      121258
         161      719598       78376      167351      130101
         162      705298       78392      172386      139350
         163      691225       78124      177119      148958
         164      677303       78025      180936      159162
         165      663604       77368      184578      169876
         166      650281       76341      187979      180825
         167      637367       75109      190419      192531
         168      624156       74167      192572      204531
         169      611473       72887      194257      216809
         170      598890       71634      195399      229503
         171      586645       70309      195904      242568
         172      574865       69008      195764      255789
         173      563408       67239      195204      269575
         174      552212       65650      194038      283526
         175      541334       63795      192753      297544
         176      530718       62043      190915      311750
         177      520404       60324      188693      326005
         178      510587       58445      186285      340109
         179      501065       56619      183337      354405
         180      491678       55026      179903      368819
         181      482614       53349      176462      383001
         182      473892       51657      172718      397159
         183      465304       50241      168769      411112
         184      457311       48475      164648      424992
         185      449358       46919      160685      438464
         186      441487       45595      156746      451598
         187      434227       43970      152619      464610
         188      427115       42405      148329      477577
         189      420156       41204      143709      490357
         190      413525       39813      139400      502688
         191      407024       38332      135325      514745
         192      400746       37093      131278      526309
         193      394878       35711      127249      537588
         194      389235       34389      123128      548674
         195      383733       33091      119197      559405
         196      378489       31859      115245      569833
         197      373459       30423      111625      579919
         198      368627       29073      108154      589572
         199      363951       28122      104223      599130
         200      359643       26823      100639      608321
         201      355486       25614       97190      617136
         202      351387       24585       93571      625883
         203      347630       23368       90235      634193
         204      343953       22312       87025      642136
         205      340468       21327       83532      650099
         206      337092       20433       80310      657591
         207      333852       19609       77216      664749
         208      330678       18887       74079      671782
         209      327679       18096       71091      678560
         210      324769       17474       68061      685122
         211      322008       16807       65091      691520
         212      319186       16309       62353      697578
         213      316503       15724       59893      703306
         214      313831       15340       57361      708894
         215      311196       15037       54893      714300
         216      308691       14682       52620      719433
         217      306117       14425       50534      724350
         218      303609       14280       48408      729129
         219      301121       14009       46676      733620
         220      298635       13884       45070      737837
         221      296262       13721       43460      741983
         222      293770       13629       42165      745862
         223      291288       13524       40925      749689
         224      288723       13646       39831      753226
         225      286180       13703       38892      756651
         226      283553       13934       37991      759948
         227      280855       14142       37259      763170
         228      278074       14483       36584      766285
         229      275244       14780       36188      769214
         230      272427       15011       36000      771988
         231      269660       15195       35742      774829
         232      266777       15412       35672      777565
         233      263789       15697       35665      780275
         234      260759       15873       35898      782896
         235      257850       15962       36141      785473
         236      254730       16322       36355      788019
         237      251694       16539       36587      790606
         238      248617       16645       37071      793093
         239      245499       16798       37593      795536
         240      242440       16915       38083      797988
         241      239384       16917       38715      800410
         242      236364       16833       39340      802889
         243      233451       16690       39874      805411
         244      230545       16438       40457      807986
         245      227608       16303       40963      810552
         246      224816       16016       41367      813227
         247      222041       15828       41609      815948
         248      219280       15624       41786      818736
         249      216710       15310       41821      821585
         250      214187       14924       41920      824395
         251      211794       14445       42036      827151
         252      209478       13924       41864      830160
         253      207177       13491       41610      833148
         254      205026       13015       41291      836094
         255      203064       12362       40860      839140
         256      201164       11815       40275      842172
         257      199416       11205       39560      845245
         258      197848       10458       38726      848394
         259      196298        9795       37877      851456
         260      194849        9234       36835      854508
         261      193533        8563       35831      857499
         262      192246        8031       34599      860550
         263      191125        7474       33440      863387
         264      190013        7038       32079      866296
         265      189109        6485       30663      869169
         266      188183        6004       29226      872013
         267      187372        5517       27752      874785
         268      186679        4991       26344      877412
         269      186028        4538       24868      879992
         270      185463        4101       23418      882444
         271      184939        3716       21968      884803
         272      184463        3323       20491      887149
         273      184006        3016       19052      889352
         274      183606        2732       17718      891370
         275      183241        2515       16384      893286
         276      182933        2242       15135      895116
         277      182627        2072       13951      896776
         278      182374        1865       12845      898342
         279      182120        1695       11776      899835
         280      181904        1526       10766      901230
         281      181708        1381        9813      902524
         282      181546        1231        8909      903740
         283      181396        1099        8081      904850
         284      181257         974        7371      905824
         285      181136         872        6669      906749
         286      181021         790        5948      907667
         287      180929         692        5416      908389
         288      180850         626        4870      909080
         289      180773         554        4391      909708
         290      180699         500        3977      910250
         291      180640         434        3625      910727
         292      180579         392        3274      911181
         293      180544         342        2929      911611
         294      180508         303        2630      911985
         295      180468         266        2333      912359
         296      180425         246        2123      912632
         297      180387         217        1908      912914
         298      180353         207        1662      913204
         299      180326         201        1493      913406
         300      180304         185        1308      913629
         301      180284         159        1177      913806
         302      180269         145        1051      913961
         303      180254         119         956      914097
         304      180243          95         851      914237
         305      180229          88         752      914357
         306      180215          74         680      914457
         307      180203          74         611      914538
         308      180192          66         546      914622
         309      180187          60         489      914690
         310      180180          58         432      914756
         311      180170          53         385      914818
         312      180166          44         351      914865
         313      180162          40         325      914899
         314      180156          32         304      914934
         315      180152          33         258      914983
         316      180151          24         229      915022
         317      180148          21         201      915056
         318      180148          20         172      915086
         319      180146          11         156      915113
         320      180145          11         136      915134
         321      180142          11         124      915149
         322      180138          12         113      915163
         323      180138          11          97      915180
         324      180138           9          87      915192
         325      180138           7          75      915206
         326      180135          10          62      915219
         327      180135           4          60      915227
         328      180134           4          53      915235
         329      180134           4          45      915243
         330      180133           5          37      915251
         331      180133           3          32      915258
         332      180133           2          28      915263
         333      180133           1          27      915265
         334      180131           3          23      915269
         335      180131           2          19      915274
         336      180130           3          17      915276
         337      180130           3          16      915277
         338      180130           3          13      915280
         339      180130           2          13      915281
         340      180129           2          13      915282
         341      180129           1          11      915285
         342      180129           1           8      915288
         343      180129           1           8      915288
         344      180129           1           8      915288
         345      180129           0           7      915290
         346      180129           0           6      915291
         347      180129           0           6      915291
         348      180129           0           5      915292
         349      180129           0           5      915292
         350      180129           0           4      915293
         351      180129           0           4      915293
         352      180129           0           4      915293
         353      180129           0           4      915293
         354      180129           0           2      915295
         355      180129           0           2      915295
         356      180129           0           1      915296
         357      180129           0           1      915296
         358      180129           0           1      915296
         359      180129           0           0      915297
