 #time susceptible exposed infected recover
           1     1095425           1           0           0
           2     1095425           1           0           0
           3     1095425           1           0           0
           4     1095425           1           0           0
           5     1095425           0           1           0
           6     1095425           0           1           0
           7     1095425           0           1           0
           8     1095425           0           1           0
           9     1095425           0           1           0
          10     1095425           0           1           0
          11     1095424           1           1           0
          12     1095424           1           1           0
          13     1095424           1           1           0
          14     1095423           2           1           0
          15     1095423           1           2           0
          16     1095422           2           2           0
          17     1095422           2           2           0
          18     1095422           1           3           0
          19     1095421           2           3           0
          20     1095420           3           3           0
          21     1095419           3           4           0
          22     1095419           3           3           1
          23     1095419           2           4           1
          24     1095417           3           5           1
          25     1095415           5           5           1
          26     1095411           8           6           1
          27     1095408          11           6           1
          28     1095408          10           7           1
          29     1095407           9           9           1
          30     1095405           8          12           1
          31     1095402           8          15           1
          32     1095401           8          15           2
          33     1095398           9          17           2
          34     1095395          10          19           2
          35     1095392          11          20           3
          36     1095386          16          21           3
          37     1095382          17          24           3
          38     1095379          18          25           4
          39     1095375          17          30           4
          40     1095369          19          34           4
          41     1095362          21          37           6
          42     1095357          24          39           6
          43     1095346          31          42           7
          44     1095342          31          46           7
          45     1095333          31          54           8
          46     1095327          34          55          10
          47     1095323          29          59          15
          48     1095314          30          65          17
          49     1095302          35          71          18
          50     1095281          49          77          19
          51     1095265          63          78          20
          52     1095253          68          82          23
          53     1095239          71          92          24
          54     1095219          75         105          27
          55     1095198          77         121          30
          56     1095170          91         134          31
          57     1095134         108         145          39
          58     1095102         125         156          43
          59     1095077         130         173          46
          60     1095039         146         192          49
          61     1094999         151         222          54
          62     1094953         169         244          60
          63     1094908         183         267          68
          64     1094856         200         298          72
          65     1094778         240         328          80
          66     1094700         272         367          87
          67     1094622         313         399          92
          68     1094536         347         442         101
          69     1094429         393         500         104
          70     1094308         429         572         117
          71     1094173         495         620         138
          72     1094039         545         686         156
          73     1093887         596         779         164
          74     1093727         630         888         181
          75     1093539         715         975         197
          76     1093319         777        1116         214
          77     1093098         871        1211         246
          78     1092865         931        1356         274
          79     1092593        1038        1492         303
          80     1092303        1139        1648         336
          81     1091958        1240        1854         374
          82     1091573        1422        2020         411
          83     1091193        1536        2252         445
          84     1090773        1685        2471         497
          85     1090296        1831        2758         541
          86     1089745        2041        3034         606
          87     1089099        2280        3364         683
          88     1088396        2586        3686         758
          89     1087632        2899        4053         842
          90     1086790        3215        4480         941
          91     1085823        3599        4946        1058
          92     1084783        3968        5485        1190
          93     1083668        4372        6063        1323
          94     1082439        4767        6753        1467
          95     1081142        5165        7494        1625
          96     1079540        5771        8317        1798
          97     1077881        6384        9165        1996
          98     1075998        7030       10175        2223
          99     1073970        7828       11189        2439
         100     1071765        8567       12392        2702
         101     1069326        9408       13709        2983
         102     1066506       10371       15253        3296
         103     1063461       11546       16771        3648
         104     1060169       12716       18504        4037
         105     1056685       13827       20484        4430
         106     1052722       15140       22671        4893
         107     1048403       16594       25028        5401
         108     1043642       18198       27553        6033
         109     1038472       19934       30355        6665
         110     1032715       21956       33344        7411
         111     1026598       23896       36715        8217
         112     1019972       26047       40289        9118
         113     1012854       28234       44192       10146
         114     1005119       30532       48587       11188
         115      996564       33186       53321       12355
         116      987644       35676       58460       13646
         117      977781       38630       63883       15132
         118      967486       41541       69689       16710
         119      956324       44514       76063       18525
         120      944688       47446       82850       20442
         121      932119       50559       90217       22531
         122      919052       53658       97853       24863
         123      905144       56759      105985       27538
         124      890724       59817      114433       30452
         125      875760       62517      123521       33628
         126      859945       65705      132778       36998
         127      843798       68332      142580       40716
         128      827261       70757      152575       44833
         129      810354       72892      162862       49318
         130      793193       74608      173278       54347
         131      775808       75983      183832       59803
         132      758238       77196      194307       65685
         133      740761       78100      204472       72093
         134      723505       78364      214521       79036
         135      706289       78203      224465       86469
         136      689226       77761      233794       94645
         137      672358       77177      242635      103256
         138      655933       76261      250405      112827
         139      639787       75115      257742      122782
         140      623905       73779      264146      133596
         141      608603       72074      269845      144904
         142      593603       70598      274212      157013
         143      578950       68866      277800      169810
         144      564945       66886      280196      183399
         145      551338       64862      281728      197498
         146      538003       63090      282156      212177
         147      525302       60976      281560      227588
         148      512950       59075      279884      243517
         149      500972       57196      277333      259925
         150      489303       55316      274178      276629
         151      477921       53736      270184      293585
         152      467082       51959      265528      310857
         153      456535       50368      259954      328569
         154      446305       48948      254156      346017
         155      436705       46872      248427      363422
         156      427241       45226      242291      380668
         157      418194       43605      236023      397604
         158      409280       42165      229434      414547
         159      400491       41036      222571      431328
         160      392333       39694      215711      447688
         161      384204       38575      209128      463519
         162      376397       37298      202590      479141
         163      368842       36000      196277      494307
         164      361645       34835      189718      509228
         165      354644       33638      183734      523410
         166      347935       32285      177759      537447
         167      341512       31109      172030      550775
         168      335376       29903      166387      563760
         169      329472       28685      160871      576398
         170      323776       27464      155700      588486
         171      318459       26359      150351      600257
         172      313354       25039      145182      611851
         173      308525       23937      140033      622931
         174      303735       22911      135059      633721
         175      299402       21681      130217      644126
         176      295267       20605      125708      653846
         177      291224       19734      121044      663424
         178      287370       18744      116616      672696
         179      283594       18034      111995      681803
         180      279888       17409      107599      690530
         181      276330       16860      103277      698959
         182      272860       16408       98939      707219
         183      269546       15968       94818      715094
         184      266308       15468       90853      722797
         185      263049       15097       87053      730227
         186      259749       14864       83482      737331
         187      256464       14766       80004      744192
         188      253104       14853       76867      750602
         189      249698       14992       73781      756955
         190      246336       15062       70991      763037
         191      243045       15110       68521      768750
         192      239544       15247       66414      774221
         193      235987       15475       64469      779495
         194      232367       15718       62873      784468
         195      228743       15961       61398      789324
         196      224968       16309       60306      793843
         197      221248       16539       59530      798109
         198      217370       16820       59060      802176
         199      213560       17028       58746      806092
         200      209938       16937       58631      809920
         201      206216       16940       58603      813667
         202      202554       16776       58814      817282
         203      198765       16714       59175      820772
         204      195259       16461       59498      824208
         205      191694       16371       59838      827523
         206      188269       16088       60337      830732
         207      184874       15761       60712      834079
         208      181639       15410       61059      837318
         209      178577       14931       61281      840637
         210      175610       14355       61462      843999
         211      172826       13725       61523      847352
         212      170194       13056       61447      850729
         213      167771       12357       61118      854180
         214      165357       11709       60714      857646
         215      163236       10991       59918      861281
         216      161226       10247       59111      864842
         217      159454        9496       57926      868550
         218      157767        8752       56588      872319
         219      156278        8048       54910      876190
         220      154871        7371       53277      879907
         221      153598        6738       51386      883704
         222      152456        6165       49435      887370
         223      151454        5592       47311      891069
         224      150537        4978       45129      894782
         225      149675        4531       42849      898371
         226      148889        4112       40432      901993
         227      148227        3717       38038      905444
         228      147652        3360       35569      908845
         229      147115        2997       33112      912202
         230      146637        2609       30891      915289
         231      146229        2341       28473      918383
         232      145870        2066       26202      921288
         233      145540        1832       24139      923915
         234      145271        1594       22136      926425
         235      145020        1402       20096      928908
         236      144814        1245       18256      931111
         237      144620        1064       16580      933162
         238      144433         976       14940      935077
         239      144247         895       13455      936829
         240      144132         795       12057      938442
         241      144021         690       10895      939820
         242      143906         635        9701      941184
         243      143821         523        8661      942421
         244      143743         447        7762      943474
         245      143677         386        6954      944409
         246      143630         331        6130      945335
         247      143566         294        5406      946160
         248      143530         253        4781      946862
         249      143488         217        4269      947452
         250      143455         202        3745      948024
         251      143428         176        3291      948531
         252      143405         153        2888      948980
         253      143385         124        2550      949367
         254      143366         107        2226      949727
         255      143348          97        1959      950022
         256      143332          90        1726      950278
         257      143320          76        1527      950503
         258      143303          71        1334      950718
         259      143301          53        1186      950886
         260      143292          47         991      951096
         261      143283          42         869      951232
         262      143281          29         762      951354
         263      143277          25         658      951466
         264      143276          21         570      951559
         265      143275          13         497      951641
         266      143269          14         433      951710
         267      143263          16         374      951773
         268      143256          20         322      951828
         269      143252          23         275      951876
         270      143250          22         232      951922
         271      143250          17         212      951947
         272      143250          10         182      951984
         273      143249           4         164      952009
         274      143249           3         146      952028
         275      143249           1         122      952054
         276      143248           2         109      952067
         277      143247           2          91      952086
         278      143244           5          77      952100
         279      143244           5          65      952112
         280      143243           6          55      952122
         281      143242           5          49      952130
         282      143241           6          42      952137
         283      143241           3          38      952144
         284      143241           2          37      952146
         285      143241           1          36      952148
         286      143241           0          34      952151
         287      143241           0          30      952155
         288      143241           0          26      952159
         289      143240           1          18      952167
         290      143240           1          13      952172
         291      143240           1          11      952174
         292      143240           1          10      952175
         293      143240           1           9      952176
         294      143240           0          10      952176
         295      143240           0           9      952177
         296      143239           1           9      952177
         297      143239           1           8      952178
         298      143239           1           8      952178
         299      143239           1           7      952179
         300      143239           1           4      952182
         301      143239           0           4      952183
         302      143239           0           3      952184
         303      143239           0           3      952184
         304      143239           0           2      952185
         305      143239           0           2      952185
         306      143239           0           2      952185
         307      143239           0           2      952185
         308      143239           0           2      952185
         309      143239           0           2      952185
         310      143239           0           1      952186
         311      143239           0           1      952186
         312      143239           0           1      952186
         313      143239           0           1      952186
         314      143239           0           1      952186
         315      143239           0           1      952186
         316      143239           0           1      952186
         317      143239           0           1      952186
         318      143239           0           1      952186
         319      143239           0           0      952187
           1     1095425           1           0           0
           2     1095425           1           0           0
           3     1095425           1           0           0
           4     1095425           1           0           0
           5     1095425           0           1           0
           6     1095424           1           1           0
           7     1095424           1           1           0
           8     1095423           2           1           0
           9     1095423           2           1           0
          10     1095423           2           1           0
          11     1095423           1           2           0
          12     1095423           0           3           0
          13     1095423           0           3           0
          14     1095422           1           3           0
          15     1095422           1           3           0
          16     1095420           3           3           0
          17     1095419           4           3           0
          18     1095419           3           4           0
          19     1095419           3           4           0
          20     1095419           2           5           0
          21     1095416           3           7           0
          22     1095414           5           6           1
          23     1095413           6           6           1
          24     1095412           7           6           1
          25     1095409           8           8           1
          26     1095406           9          10           1
          27     1095404           9          12           1
          28     1095401          11          12           2
          29     1095399          12          12           3
          30     1095399           9          15           3
          31     1095393          12          18           3
          32     1095385          18          20           3
          33     1095382          17          24           3
          34     1095380          19          24           3
          35     1095376          22          24           4
          36     1095372          19          31           4
          37     1095364          20          36           6
          38     1095352          28          39           7
          39     1095344          33          42           7
          40     1095333          41          45           7
          41     1095321          48          50           7
          42     1095308          52          58           8
          43     1095294          56          66          10
          44     1095282          55          77          12
          45     1095265          59          89          13
          46     1095244          71          96          15
          47     1095222          77         109          18
          48     1095207          85         113          21
          49     1095177         102         123          24
          50     1095150         106         143          27
          51     1095121         107         171          27
          52     1095086         129         181          30
          53     1095046         145         196          39
          54     1095004         155         225          42
          55     1094965         172         244          45
          56     1094910         196         272          48
          57     1094862         201         311          52
          58     1094789         234         345          58
          59     1094712         275         371          68
          60     1094634         304         411          77
          61     1094542         352         442          90
          62     1094452         375         499         100
          63     1094345         400         573         108
          64     1094226         457         619         124
          65     1094104         483         700         139
          66     1093953         545         775         153
          67     1093785         613         858         170
          68     1093633         659         938         196
          69     1093410         752        1057         207
          70     1093173         852        1165         236
          71     1092937         937        1287         265
          72     1092671        1038        1429         288
          73     1092360        1152        1594         320
          74     1092031        1262        1776         357
          75     1091676        1384        1969         397
          76     1091288        1518        2191         429
          77     1090813        1696        2432         485
          78     1090267        1943        2682         534
          79     1089723        2137        2966         600
          80     1089172        2287        3295         672
          81     1088513        2530        3637         746
          82     1087784        2748        4067         827
          83     1086951        3065        4486         924
          84     1086075        3370        4958        1023
          85     1085096        3733        5471        1126
          86     1084021        4140        6003        1262
          87     1082889        4474        6671        1392
          88     1081569        4922        7367        1568
          89     1080058        5515        8124        1729
          90     1078491        6068        8961        1906
          91     1076772        6701        9819        2134
          92     1074763        7443       10851        2369
          93     1072637        8167       12006        2616
          94     1070297        8949       13282        2898
          95     1067841        9747       14602        3236
          96     1064941       10821       16086        3578
          97     1061830       11865       17783        3948
          98     1058539       12901       19598        4388
          99     1054880       14182       21471        4893
         100     1050932       15421       23646        5427
         101     1046582       16747       26125        5972
         102     1041813       18393       28630        6590
         103     1036641       20030       31499        7256
         104     1030960       21970       34449        8047
         105     1024691       24103       37740        8892
         106     1018015       26219       41351        9841
         107     1010654       28514       45369       10889
         108     1002757       31077       49623       11969
         109      994436       33378       54403       13209
         110      985380       35916       59514       14616
         111      975711       38561       65027       16127
         112      965281       41433       70909       17803
         113      954096       44515       77164       19651
         114      942252       47643       83779       21752
         115      929677       50841       90988       23920
         116      916547       54001       98496       26382
         117      902779       56884      106694       29069
         118      888160       60066      115120       32080
         119      873013       62838      124310       35265
         120      857388       65713      133569       38756
         121      841147       68567      143222       42490
         122      824521       70941      153350       46614
         123      807741       72863      163616       51206
         124      790351       74793      174066       56216
         125      772865       76436      184525       61600
         126      754967       77927      194916       67616
         127      737467       78842      205035       74082
         128      719789       79253      215345       81039
         129      702389       79249      225092       88696
         130      684855       79025      234747       96799
         131      667780       78551      243666      105429
         132      651037       77656      251776      114957
         133      634326       76639      259594      124867
         134      617929       75665      266170      135662
         135      601916       74370      271888      147252
         136      586152       73182      276599      159493
         137      570972       71609      280514      172331
         138      556180       69867      283553      185826
         139      541847       68106      285444      200029
         140      527665       66424      286485      214852
         141      514062       64543      286524      230297
         142      500714       62813      285702      246197
         143      487743       61156      283944      262583
         144      474977       59819      281269      279361
         145      462715       58224      278108      296379
         146      450839       56527      274171      313889
         147      438986       55199      269711      331530
         148      427511       53839      264851      349225
         149      416342       52519      259714      366851
         150      405370       51307      254481      384268
         151      394575       50159      248928      401764
         152      383981       49204      243142      419099
         153      373644       48303      237397      436082
         154      363532       47323      231730      452841
         155      353567       46394      226087      469378
         156      343859       45394      220617      485556
         157      334219       44541      215231      501435
         158      324718       43866      210062      516780
         159      315456       43101      204985      531884
         160      306460       42290      200283      546393
         161      297671       41398      195597      560760
         162      288946       40511      191598      574371
         163      280425       39659      187221      588121
         164      272155       38892      183133      601246
         165      264334       37788      179265      614039
         166      256662       36633      175507      626624
         167      249307       35306      172222      638591
         168      242150       34089      168644      650543
         169      235312       32951      165040      662123
         170      228733       31729      161415      673549
         171      222486       30510      157873      684557
         172      216547       29219      154106      695554
         173      210990       27783      150515      706138
         174      205728       26330      146795      716573
         175      200775       24867      142989      726795
         176      196254       23300      139024      736848
         177      191897       21868      135032      746629
         178      187978       20379      130700      756369
         179      184388       18849      126245      765944
         180      181076       17486      121468      775396
         181      177959       16201      116817      784449
         182      175039       14876      112143      793368
         183      172388       13823      107073      802142
         184      169974       12772      101971      810709
         185      167752       11805       96726      819143
         186      165725       10806       91746      827149
         187      163787        9922       86762      834955
         188      162030        9157       81804      842435
         189      160390        8466       76805      849765
         190      158943        7812       72027      856644
         191      157604        7111       67299      863412
         192      156333        6533       62837      869723
         193      155125        6065       58297      875939
         194      154070        5600       54094      881662
         195      153056        5220       50098      887052
         196      152122        4853       46316      892135
         197      151247        4460       42867      896852
         198      150432        4140       39513      901341
         199      149699        3859       36382      905486
         200      148997        3604       33612      909213
         201      148411        3254       31059      912702
         202      147842        2994       28697      915893
         203      147316        2756       26408      918946
         204      146832        2521       24364      921709
         205      146435        2300       22475      924216
         206      146064        2063       20737      926562
         207      145725        1833       19154      928714
         208      145402        1672       17652      930700
         209      145125        1518       16292      932491
         210      144868        1378       14955      934225
         211      144665        1236       13831      935694
         212      144457        1115       12729      937125
         213      144292         965       11721      938448
         214      144130         858       10753      939685
         215      144011         767        9815      940833
         216      143884         696        8973      941873
         217      143770         595        8214      942847
         218      143679         529        7449      943769
         219      143599         473        6778      944576
         220      143520         419        6135      945352
         221      143475         344        5530      946077
         222      143431         298        4984      946713
         223      143375         263        4497      947291
         224      143318         243        4029      947836
         225      143278         217        3578      948353
         226      143252         198        3177      948799
         227      143231         172        2851      949172
         228      143201         144        2555      949526
         229      143174         130        2263      949859
         230      143162         102        2013      950149
         231      143151          96        1741      950438
         232      143142          75        1561      950648
         233      143126          62        1390      950848
         234      143111          60        1206      951049
         235      143099          57        1053      951217
         236      143090          54         913      951369
         237      143087          44         816      951479
         238      143079          39         704      951604
         239      143077          30         620      951699
         240      143072          23         538      951793
         241      143068          20         473      951865
         242      143066          17         414      951929
         243      143062          17         376      951971
         244      143058          19         322      952027
         245      143056          15         279      952076
         246      143055          11         236      952124
         247      143052          12         201      952161
         248      143052           8         178      952188
         249      143052           6         159      952209
         250      143052           3         135      952236
         251      143052           1         114      952259
         252      143052           0         107      952267
         253      143051           1          96      952278
         254      143050           2          82      952292
         255      143050           2          65      952309
         256      143048           4          51      952323
         257      143047           4          44      952331
         258      143047           4          39      952336
         259      143046           4          32      952344
         260      143046           2          29      952349
         261      143045           3          25      952353
         262      143045           2          24      952355
         263      143045           1          22      952358
         264      143045           1          19      952361
         265      143045           1          14      952366
         266      143044           1          13      952368
         267      143044           1          10      952371
         268      143044           1           7      952374
         269      143044           1           7      952374
         270      143044           1           7      952374
         271      143044           0           8      952374
         272      143044           0           8      952374
         273      143044           0           8      952374
         274      143044           0           7      952375
         275      143044           0           7      952375
         276      143044           0           6      952376
         277      143044           0           4      952378
         278      143044           0           3      952379
         279      143044           0           3      952379
         280      143044           0           2      952380
         281      143044           0           2      952380
         282      143044           0           1      952381
         283      143044           0           1      952381
         284      143044           0           1      952381
         285      143044           0           1      952381
         286      143044           0           1      952381
         287      143044           0           1      952381
         288      143044           0           0      952382
           1     1095425           1           0           0
           2     1095425           1           0           0
           3     1095425           1           0           0
           4     1095425           1           0           0
           5     1095425           0           1           0
           6     1095425           0           1           0
           7     1095425           0           1           0
           8     1095425           0           1           0
           9     1095425           0           1           0
          10     1095425           0           1           0
          11     1095425           0           1           0
          12     1095425           0           1           0
          13     1095425           0           1           0
          14     1095425           0           1           0
          15     1095424           1           1           0
          16     1095424           1           1           0
          17     1095424           1           1           0
          18     1095424           1           1           0
          19     1095423           1           2           0
          20     1095422           2           2           0
          21     1095421           3           2           0
          22     1095421           3           1           1
          23     1095421           2           2           1
          24     1095421           2           2           1
          25     1095420           2           3           1
          26     1095419           2           4           1
          27     1095418           3           4           1
          28     1095416           5           4           1
          29     1095415           6           4           1
          30     1095414           5           6           1
          31     1095410           8           7           1
          32     1095409           8           8           1
          33     1095405          11           9           1
          34     1095404          11          10           1
          35     1095404           9          12           1
          36     1095402           8          14           2
          37     1095401           4          19           2
          38     1095398           7          19           2
          39     1095394          10          20           2
          40     1095389          14          20           3
          41     1095384          17          22           3
          42     1095380          18          24           4
          43     1095373          25          23           5
          44     1095368          25          28           5
          45     1095358          31          32           5
          46     1095353          29          38           6
          47     1095340          36          43           7
          48     1095325          45          48           8
          49     1095316          47          54           9
          50     1095305          52          58          11
          51     1095292          53          70          11
          52     1095281          55          76          14
          53     1095262          59          89          16
          54     1095235          74          98          19
          55     1095213          85         106          22
          56     1095187          99         118          22
          57     1095170          98         135          23
          58     1095137         108         157          24
          59     1095105         120         175          26
          60     1095072         127         197          30
          61     1095027         152         212          35
          62     1094974         182         232          38
          63     1094926         193         264          43
          64     1094858         230         287          51
          65     1094800         251         320          55
          66     1094726         267         372          61
          67     1094660         291         406          69
          68     1094564         325         457          80
          69     1094474         357         501          94
          70     1094363         401         557         105
          71     1094254         435         621         116
          72     1094131         480         691         124
          73     1093997         515         776         138
          74     1093837         578         854         157
          75     1093662         638         942         184
          76     1093474         719        1029         204
          77     1093228         833        1144         221
          78     1092971         953        1256         246
          79     1092696        1057        1399         274
          80     1092414        1146        1569         297
          81     1092095        1267        1724         340
          82     1091729        1367        1955         375
          83     1091313        1524        2166         423
          84     1090861        1693        2389         483
          85     1090358        1895        2637         536
          86     1089831        2079        2923         593
          87     1089224        2288        3252         662
          88     1088564        2518        3612         732
          89     1087799        2797        4009         821
          90     1086957        3135        4433         901
          91     1085996        3544        4879        1007
          92     1084988        3906        5412        1120
          93     1083820        4358        6016        1232
          94     1082561        4818        6676        1371
          95     1081152        5327        7447        1500
          96     1079565        5925        8255        1681
          97     1077972        6418        9179        1857
          98     1076142        7057       10145        2082
          99     1074185        7684       11229        2328
         100     1071953        8434       12451        2588
         101     1069438        9318       13801        2869
         102     1066680       10328       15259        3159
         103     1063703       11453       16766        3504
         104     1060475       12546       18494        3911
         105     1056823       13851       20430        4322
         106     1052877       15211       22519        4819
         107     1048584       16593       24926        5323
         108     1043894       18186       27456        5890
         109     1038720       19867       30304        6535
         110     1032997       21861       33337        7231
         111     1026785       23935       36635        8071
         112     1020154       26079       40208        8985
         113     1012919       28443       44102        9962
         114     1005256       30627       48492       11051
         115      996794       33074       53305       12253
         116      987758       35734       58379       13555
         117      978104       38481       63758       15083
         118      967658       41457       69676       16635
         119      956637       44350       76098       18341
         120      945027       47291       82829       20279
         121      932686       50219       90210       22311
         122      919657       53227       97811       24731
         123      906024       56170      105879       27353
         124      891585       59233      114359       30249
         125      876570       62304      123190       33362
         126      860904       65221      132544       36757
         127      844808       67985      142074       40559
         128      828506       70350      151876       44694
         129      811738       72380      162163       49145
         130      794842       73922      172575       54087
         131      777602       75207      183080       59537
         132      760281       76252      193318       65575
         133      742883       77161      203352       72030
         134      725468       78004      213210       78744
         135      708302       78047      222752       86325
         136      691542       77275      232217       94392
         137      674857       76651      240770      103148
         138      658406       75848      248697      112475
         139      642472       74382      256017      122555
         140      626843       73227      262085      133271
         141      611653       71555      267592      144626
         142      596638       69848      272477      156463
         143      582334       68056      275580      169456
         144      568000       66624      278133      182669
         145      554366       64791      279742      196527
         146      540921       63189      280018      211298
         147      528103       61304      279227      226792
         148      515622       59399      277862      242543
         149      503543       57597      275436      258850
         150      491799       55799      272645      275183
         151      480398       54050      268951      292027
         152      469316       52510      264342      309258
         153      458554       51000      259330      326542
         154      448317       49351      253797      343961
         155      438275       47790      248096      361265
         156      428412       46396      242074      378544
         157      418683       45139      236055      395549
         158      409182       44230      229709      412305
         159      399916       43283      223525      428702
         160      390950       42432      217168      444876
         161      382205       41365      211130      460726
         162      373819       40063      205424      476120
         163      365700       38828      199489      491409
         164      357596       37935      193882      506013
         165      349798       36905      188514      520209
         166      342262       35861      183068      534235
         167      334996       34854      177809      547767
         168      327951       33723      172852      560900
         169      320974       32801      168103      573548
         170      314429       31628      163453      585916
         171      307956       30626      159039      597805
         172      301900       29684      154504      609338
         173      295982       28463      150358      620623
         174      290272       27451      146203      631500
         175      284735       26470      142295      641926
         176      279304       25623      138298      652201
         177      274009       24968      134347      662102
         178      268876       24264      130438      671848
         179      263827       23659      126383      681557
         180      259006       23013      122415      690992
         181      254155       22495      118808      699968
         182      249468       21932      115257      708769
         183      244999       21330      111733      717364
         184      240574       20797      108399      725656
         185      236000       20540      105030      733856
         186      231575       20271      101905      741675
         187      227277       20018       98661      749470
         188      222992       19787       95816      756831
         189      218798       19489       93223      763916
         190      214609       19220       90603      770994
         191      210380       18987       88341      777718
         192      206420       18699       86098      784209
         193      202372       18564       84027      790463
         194      198504       18183       82266      796473
         195      194777       17717       80607      802325
         196      190954       17472       79151      807849
         197      187421       16987       77530      813488
         198      183922       16481       76235      818788
         199      180771       15877       74829      823949
         200      177638       15242       73502      829044
         201      174664       14591       72211      833960
         202      171849       13873       70859      838845
         203      169130       13247       69457      843592
         204      166585       12590       68144      848107
         205      164234       11925       66704      852563
         206      162037       11213       64993      857183
         207      159922       10581       63299      861624
         208      158066        9782       61575      866003
         209      156455        8946       59745      870280
         210      154816        8336       57743      874531
         211      153381        7596       55737      878712
         212      152134        6876       53525      882891
         213      150989        6246       51212      886979
         214      149999        5631       48746      891050
         215      149094        5031       46277      895024
         216      148281        4442       43937      898766
         217      147578        3995       41283      902570
         218      146970        3541       38695      906220
         219      146438        3101       36152      909735
         220      145950        2753       33690      913033
         221      145510        2417       31258      916241
         222      145148        2127       28862      919289
         223      144851        1848       26586      922141
         224      144559        1623       24346      924898
         225      144316        1421       22132      927557
         226      144095        1232       20146      929953
         227      143917        1101       18131      932277
         228      143767         947       16212      934500
         229      143600         838       14559      936429
         230      143483         727       13060      938156
         231      143357         652       11612      939805
         232      143242         598       10243      941343
         233      143148         528        9061      942689
         234      143083         463        8015      943865
         235      143030         379        7080      944937
         236      142971         321        6256      945878
         237      142925         270        5504      946727
         238      142892         225        4802      947507
         239      142853         205        4223      948145
         240      142818         181        3720      948707
         241      142796         154        3235      949241
         242      142775         135        2827      949689
         243      142757         117        2451      950101
         244      142737          96        2163      950430
         245      142716          89        1896      950725
         246      142695          91        1641      950999
         247      142688          77        1430      951231
         248      142681          67        1262      951416
         249      142674          51        1115      951586
         250      142665          40         976      951745
         251      142660          31         854      951881
         252      142650          32         732      952012
         253      142648          28         621      952129
         254      142644          23         525      952234
         255      142640          22         457      952307
         256      142637          18         398      952373
         257      142635          16         345      952430
         258      142632          14         307      952473
         259      142630          13         270      952513
         260      142628          10         234      952554
         261      142627           9         198      952592
         262      142626           8         177      952615
         263      142624           7         156      952639
         264      142624           5         137      952660
         265      142623           4         122      952677
         266      142623           3         100      952700
         267      142621           5          77      952723
         268      142621           4          71      952730
         269      142621           2          63      952740
         270      142621           2          55      952748
         271      142621           1          47      952757
         272      142620           1          43      952762
         273      142620           1          32      952773
         274      142620           1          28      952777
         275      142619           2          23      952782
         276      142619           2          21      952784
         277      142619           1          18      952788
         278      142619           1          16      952790
         279      142618           2          13      952793
         280      142618           1          12      952795
         281      142617           2           9      952798
         282      142617           2           8      952799
         283      142617           2           7      952800
         284      142617           1           7      952801
         285      142617           0           7      952802
         286      142617           0           6      952803
         287      142617           0           6      952803
         288      142617           0           5      952804
         289      142617           0           4      952805
         290      142617           0           4      952805
         291      142617           0           4      952805
         292      142616           1           4      952805
         293      142616           1           3      952806
         294      142616           1           3      952806
         295      142616           1           3      952806
         296      142616           0           4      952806
         297      142616           0           3      952807
         298      142616           0           3      952807
         299      142616           0           3      952807
         300      142616           0           2      952808
         301      142616           0           2      952808
         302      142616           0           2      952808
         303      142616           0           1      952809
         304      142616           0           1      952809
         305      142616           0           1      952809
         306      142616           0           1      952809
         307      142616           0           1      952809
         308      142616           0           1      952809
         309      142616           0           1      952809
         310      142616           0           1      952809
         311      142616           0           1      952809
         312      142616           0           1      952809
         313      142616           0           0      952810
           1     1095425           1           0           0
           2     1095425           1           0           0
           3     1095425           1           0           0
           4     1095425           1           0           0
           5     1095425           0           1           0
           6     1095424           1           1           0
           7     1095424           1           1           0
           8     1095424           1           1           0
           9     1095423           2           1           0
          10     1095423           2           1           0
          11     1095422           2           2           0
          12     1095422           2           2           0
          13     1095422           1           3           0
          14     1095422           1           3           0
          15     1095421           1           4           0
          16     1095419           3           4           0
          17     1095419           3           4           0
          18     1095417           5           4           0
          19     1095417           5           4           0
          20     1095417           2           7           0
          21     1095416           3           7           0
          22     1095415           3           7           1
          23     1095415           2           8           1
          24     1095412           5           8           1
          25     1095412           5           8           1
          26     1095409           8           8           1
          27     1095409           6           9           2
          28     1095408           4          12           2
          29     1095404           8          12           2
          30     1095401           9          14           2
          31     1095396          13          14           3
          32     1095390          18          14           4
          33     1095386          20          16           4
          34     1095382          20          20           4
          35     1095376          24          22           4
          36     1095372          20          29           5
          37     1095368          20          32           6
          38     1095358          26          35           7
          39     1095341          40          37           8
          40     1095333          44          40           9
          41     1095323          48          46           9
          42     1095316          47          54           9
          43     1095309          40          68           9
          44     1095296          44          75          11
          45     1095279          49          85          13
          46     1095260          62          90          14
          47     1095238          73         100          15
          48     1095209          91         109          17
          49     1095190          95         124          17
          50     1095163         107         135          21
          51     1095137         109         156          24
          52     1095098         120         181          27
          53     1095050         149         194          33
          54     1095013         163         213          37
          55     1094967         183         234          42
          56     1094914         200         265          47
          57     1094853         220         300          53
          58     1094786         248         337          55
          59     1094697         298         365          66
          60     1094619         321         407          79
          61     1094531         356         449          90
          62     1094433         384         510          99
          63     1094311         426         583         106
          64     1094169         489         655         113
          65     1094036         546         722         122
          66     1093887         609         789         141
          67     1093712         678         877         159
          68     1093530         727         989         180
          69     1093341         766        1119         200
          70     1093087         883        1235         221
          71     1092796        1016        1361         253
          72     1092527        1088        1534         277
          73     1092220        1228        1669         309
          74     1091864        1352        1862         348
          75     1091473        1485        2075         393
          76     1091039        1627        2326         434
          77     1090547        1826        2572         481
          78     1090006        2041        2844         535
          79     1089396        2277        3156         597
          80     1088777        2481        3491         677
          81     1088013        2782        3869         762
          82     1087190        3084        4307         845
          83     1086339        3384        4761         942
          84     1085330        3781        5271        1044
          85     1084279        4105        5848        1194
          86     1083037        4547        6517        1325
          87     1081709        5056        7205        1456
          88     1080183        5662        7941        1640
          89     1078584        6236        8806        1800
          90     1076794        6896        9750        1986
          91     1074733        7664       10825        2204
          92     1072534        8401       12014        2477
          93     1070068        9281       13321        2756
          94     1067435       10259       14681        3051
          95     1064532       11213       16298        3383
          96     1061346       12302       18014        3764
          97     1057802       13468       19968        4188
          98     1053970       14787       22047        4622
          99     1049773       16249       24257        5147
         100     1045131       17774       26809        5712
         101     1040078       19461       29558        6329
         102     1034489       21356       32537        7044
         103     1028422       23420       35786        7798
         104     1021826       25654       39272        8674
         105     1014931       27702       43161        9632
         106     1007299       30064       47438       10625
         107      999167       32328       52140       11791
         108      990372       34817       57170       13067
         109      980831       37702       62380       14513
         110      970712       40418       68254       16042
         111      959736       43447       74523       17720
         112      948066       46740       80947       19673
         113      935918       49696       88006       21806
         114      923152       52584       95564       24126
         115      909507       55655      103570       26694
         116      895333       58586      112062       29445
         117      880411       61657      120863       32495
         118      865095       64405      130009       35917
         119      848909       67397      139581       39539
         120      832670       69765      149424       43567
         121      815793       72184      159484       47965
         122      798787       73875      169934       52830
         123      781592       75436      180253       58145
         124      764091       76777      190568       63990
         125      746979       77283      200886       70278
         126      729550       77780      210984       77112
         127      712289       77953      220812       84372
         128      694988       78019      230229       92190
         129      678030       77524      239162      100710
         130      661229       76879      247487      109831
         131      645187       75548      255107      119584
         132      629359       74182      261614      130271
         133      613756       72786      267321      141563
         134      598467       71085      272360      153514
         135      583735       69444      276407      165840
         136      569398       67946      278979      179103
         137      555541       65992      280827      193066
         138      542059       64107      281797      207463
         139      528888       62078      281836      222624
         140      516381       60047      280635      238363
         141      504357       58062      278459      254548
         142      492340       56513      275476      271097
         143      480928       54424      271949      288125
         144      469893       52731      267641      305161
         145      459015       51415      262323      322673
         146      448457       49793      257236      339940
         147      438439       48250      251425      357312
         148      428729       46680      245488      374529
         149      419184       45206      239250      391786
         150      410178       43680      232562      409006
         151      401201       42301      226153      425771
         152      392522       40996      219700      442208
         153      384469       39435      213400      458122
         154      376486       38189      206868      473883
         155      368846       36806      200492      489282
         156      361370       35404      194245      504407
         157      354241       34307      187950      518928
         158      347630       32798      182015      532983
         159      341252       31346      176273      546555
         160      335168       29900      170360      559998
         161      329517       28325      164828      572756
         162      323977       27064      159346      585039
         163      318848       25598      153815      597165
         164      314003       24213      148383      608827
         165      309409       22912      143170      619935
         166      305127       21557      137579      631163
         167      301074       20380      132406      641566
         168      297271       19156      127035      651964
         169      293674       18008      121873      661871
         170      290300       16932      116562      671632
         171      287051       16050      111591      680734
         172      283905       15267      106452      689802
         173      280902       14549      101378      698597
         174      277988       14016       96606      706816
         175      275022       13646       91751      715007
         176      272096       13391       87120      722819
         177      269328       13077       82769      730252
         178      266611       12850       78347      737618
         179      263721       12790       74459      744456
         180      260958       12575       70917      750976
         181      258082       12639       67450      757255
         182      255151       12828       64424      763023
         183      252234       12917       61590      768685
         184      249273       13090       59054      774009
         185      246158       13402       56853      779013
         186      242922       13700       55137      783667
         187      239706       14012       53511      788197
         188      236359       14437       52252      792378
         189      232936       14777       51449      796264
         190      229352       15211       50807      800056
         191      225585       15722       50681      803438
         192      222016       16015       50683      806712
         193      218296       16358       50881      809891
         194      214462       16583       51379      813002
         195      210654       16761       52034      815977
         196      206894       16936       52642      818954
         197      203012       17141       53381      821892
         198      199202       17147       54350      824727
         199      195349       17168       55510      827399
         200      191670       17113       56360      830283
         201      188149       16777       57404      833096
         202      184691       16470       58376      835889
         203      181406       15879       59331      838810
         204      178185       15327       60222      841692
         205      175068       14847       60901      844610
         206      172192       14249       61255      847730
         207      169332       13722       61487      850885
         208      166742       13040       61528      854116
         209      164372       12237       61418      857399
         210      162186       11438       61009      860793
         211      160141       10604       60365      864316
         212      158257        9767       59440      867962
         213      156515        9046       58279      871586
         214      154957        8321       56888      875260
         215      153569        7589       55261      879007
         216      152269        6948       53327      882882
         217      151171        6238       51336      886681
         218      150202        5541       49191      890492
         219      149350        4931       46907      894238
         220      148553        4366       44419      898088
         221      147857        3917       41771      901881
         222      147198        3505       39224      905499
         223      146648        3161       36660      908957
         224      146178        2805       34089      912354
         225      145725        2485       31566      915650
         226      145366        2136       29026      918898
         227      145044        1885       26694      921803
         228      144785        1621       24351      924669
         229      144538        1416       22100      927372
         230      144306        1243       20033      929844
         231      144124        1078       18061      932163
         232      143961         942       16249      934274
         233      143792         878       14520      936236
         234      143681         722       12971      938052
         235      143584         622       11531      939689
         236      143493         559       10230      941144
         237      143413         467        9049      942497
         238      143336         406        7980      943704
         239      143274         373        7016      944763
         240      143217         333        6215      945661
         241      143169         292        5494      946471
         242      143116         264        4830      947216
         243      143081         228        4223      947894
         244      143050         196        3694      948486
         245      143025         167        3222      949012
         246      143006         129        2817      949474
         247      142983         120        2459      949864
         248      142959         106        2124      950237
         249      142949          91        1870      950516
         250      142938          75        1662      950751
         251      142927          68        1409      951022
         252      142912          60        1237      951217
         253      142908          47        1083      951388
         254      142902          43         934      951547
         255      142900          32         806      951688
         256      142893          25         722      951786
         257      142888          21         639      951878
         258      142882          20         554      951970
         259      142877          24         473      952052
         260      142873          22         413      952118
         261      142868          22         360      952176
         262      142866          17         304      952239
         263      142864          17         265      952280
         264      142863          12         229      952322
         265      142863           8         195      952360
         266      142861           6         173      952386
         267      142861           4         151      952410
         268      142858           6         126      952436
         269      142857           6         108      952455
         270      142856           6          93      952471
         271      142855           6          81      952484
         272      142855           4          74      952493
         273      142854           4          58      952510
         274      142854           2          54      952516
         275      142853           2          49      952522
         276      142851           4          46      952525
         277      142851           3          43      952529
         278      142851           3          39      952533
         279      142851           3          30      952542
         280      142851           0          29      952546
         281      142851           0          22      952553
         282      142851           0          19      952556
         283      142851           0          17      952558
         284      142851           0          16      952559
         285      142850           1          12      952563
         286      142850           1          12      952563
         287      142850           1          10      952565
         288      142850           1          10      952565
         289      142849           1           9      952567
         290      142849           1           8      952568
         291      142849           1           6      952570
         292      142849           1           6      952570
         293      142849           0           7      952570
         294      142849           0           5      952572
         295      142848           1           5      952572
         296      142848           1           4      952573
         297      142848           1           3      952574
         298      142848           1           2      952575
         299      142848           0           3      952575
         300      142848           0           3      952575
         301      142848           0           3      952575
         302      142848           0           3      952575
         303      142848           0           3      952575
         304      142848           0           3      952575
         305      142848           0           3      952575
         306      142848           0           2      952576
         307      142848           0           2      952576
         308      142848           0           2      952576
         309      142848           0           2      952576
         310      142848           0           1      952577
         311      142848           0           1      952577
         312      142848           0           1      952577
         313      142848           0           1      952577
         314      142848           0           1      952577
         315      142848           0           1      952577
         316      142848           0           0      952578
