#time susceptible exposed infected recover
           1     1095425           1           0           0
           2     1095425           1           0           0
           3     1095425           1           0           0
           4     1095425           1           0           0
           5     1095425           1           0           0
           6     1095425           1           0           0
           7     1095425           0           1           0
           8     1095425           0           1           0
           9     1095425           0           1           0
          10     1095425           0           1           0
          11     1095423           2           1           0
          12     1095422           3           1           0
          13     1095422           3           1           0
          14     1095421           4           1           0
          15     1095420           5           1           0
          16     1095419           6           1           0
          17     1095419           5           2           0
          18     1095418           4           4           0
          19     1095414           8           4           0
          20     1095412           9           5           0
          21     1095410          10           6           0
          22     1095410          10           6           0
          23     1095408          11           7           0
          24     1095403          15           8           0
          25     1095399          17          10           0
          26     1095394          18          14           0
          27     1095387          24          15           0
          28     1095384          26          15           1
          29     1095381          28          16           1
          30     1095371          35          19           1
          31     1095369          31          25           1
          32     1095361          34          30           1
          33     1095351          41          33           1
          34     1095342          45          38           1
          35     1095334          47          44           1
          36     1095321          57          47           1
          37     1095308          64          52           2
          38     1095292          74          57           3
          39     1095272          85          65           4
          40     1095256          88          78           4
          41     1095236         103          83           4
          42     1095210         115          96           5
          43     1095189         125         106           6
          44     1095158         145         116           7
          45     1095111         172         134           9
          46     1095061         202         151          12
          47     1095023         221         168          14
          48     1094963         257         190          16
          49     1094915         282         211          18
          50     1094850         318         236          22
          51     1094779         358         265          24
          52     1094701         379         316          30
          53     1094607         433         351          35
          54     1094503         488         395          40
          55     1094398         547         436          45
          56     1094263         614         501          48
          57     1094092         717         562          55
          58     1093914         822         630          60
          59     1093691         964         698          73
          60     1093465        1087         794          80
          61     1093244        1203         888          91
          62     1092959        1381         986         100
          63     1092633        1542        1141         110
          64     1092270        1729        1301         126
          65     1091885        1917        1478         146
          66     1091431        2154        1681         160
          67     1090912        2448        1889         177
          68     1090305        2792        2124         205
          69     1089626        3153        2419         228
          70     1088849        3617        2703         257
          71     1087967        4116        3047         296
          72     1086961        4691        3430         344
          73     1085896        5273        3879         378
          74     1084631        5987        4376         432
          75     1083240        6698        5004         484
          76     1081674        7549        5649         554
          77     1079908        8496        6412         610
          78     1077911        9543        7284         688
          79     1075652       10766        8241         767
          80     1073197       12105        9260         864
          81     1070309       13647       10499         971
          82     1067251       15180       11894        1101
          83     1063721       17080       13371        1254
          84     1059820       19091       15089        1426
          85     1055328       21472       16986        1640
          86     1050405       24049       19104        1868
          87     1044910       26847       21612        2057
          88     1038724       30092       24289        2321
          89     1031765       33678       27349        2634
          90     1024265       37493       30712        2956
          91     1015893       41706       34493        3334
          92     1006855       46059       38761        3751
          93      996721       51001       43452        4252
          94      985811       55990       48811        4814
          95      973663       61544       54751        5468
          96      960675       67362       61200        6189
          97      946524       73531       68357        7014
          98      931489       79921       76040        7976
          99      915287       86450       84687        9002
         100      897749       93590       93880       10207
         101      879392      100382      104195       11457
         102      860237      106916      115301       12972
         103      839930      113749      127081       14666
         104      818917      120141      139881       16487
         105      797153      126194      153441       18638
         106      775019      131385      168061       20961
         107      752424      136228      183056       23718
         108      729478      140339      198981       26628
         109      706624      143725      215069       30008
         110      684168      145216      232344       33698
         111      661811      146287      249435       37893
         112      640065      146110      266650       42601
         113      618650      145125      283875       47776
         114      598187      142805      300844       53590
         115      578620      139342      317198       60266
         116      559526      135952      332598       67350
         117      541451      131455      347235       75285
         118      524020      126892      360470       84044
         119      507489      121762      372534       93641
         120      491845      116542      382966      104073
         121      476722      111668      391349      115687
         122      462599      106439      398287      128101
         123      449108      101281      403242      141795
         124      436144       96539      406323      156420
         125      423656       92066      407682      172022
         126      411808       87834      406861      188923
         127      400529       83696      404338      206863
         128      389731       79881      400251      225563
         129      379196       76563      394275      245392
         130      369071       73440      386837      266078
         131      359359       70464      378311      287292
         132      350081       67586      368546      309213
         133      341048       65131      357469      331778
         134      332457       62636      345821      354512
         135      323911       60523      333608      377384
         136      315702       58457      321222      400045
         137      307906       56267      308732      422521
         138      300132       54624      296203      444467
         139      292662       52838      283722      466204
         140      285518       51180      271706      487022
         141      278585       49584      260196      507061
         142      271829       48014      249028      526555
         143      265240       46628      238627      544931
         144      258757       45210      228765      562694
         145      252400       43994      219407      579625
         146      246267       42830      210610      595719
         147      240261       41730      202195      611240
         148      234320       40880      194478      625748
         149      228667       39930      187152      639677
         150      223081       38858      180502      652985
         151      217758       37736      174309      665623
         152      212406       36873      168400      677747
         153      207260       36026      162823      689317
         154      202197       35069      157855      700305
         155      197078       34455      152951      710942
         156      192000       33810      148292      721324
         157      186957       33465      143787      731217
         158      181980       33134      139661      740651
         159      177120       32686      135771      749849
         160      172356       32374      132081      758615
         161      167616       31917      128571      767322
         162      163032       31454      125290      775650
         163      158562       30885      122327      783652
         164      154201       30210      119622      791393
         165      149854       29799      116765      799008
         166      145704       28955      114487      806280
         167      141705       28237      112085      813399
         168      137942       27361      109837      820286
         169      134312       26503      107711      826900
         170      131085       25337      105595      833409
         171      128017       23983      103525      839901
         172      125281       22524      101595      846026
         173      122667       21071       99524      852164
         174      120403       19367       97555      858101
         175      118465       17634       95410      863917
         176      116753       15922       93144      869607
         177      115301       14235       90882      875008
         178      114065       12589       88500      880272
         179      112939       11008       85871      885608
         180      112060        9510       83070      890786
         181      111298        8154       80148      895826
         182      110653        6939       76899      900935
         183      110149        5874       73468      905935
         184      109759        4923       69711      911033
         185      109406        4058       66073      915889
         186      109131        3369       62213      920713
         187      108922        2765       58316      925423
         188      108761        2203       54317      930145
         189      108618        1787       50364      934657
         190      108497        1441       46447      939041
         191      108397        1197       42422      943410
         192      108311         959       38540      947616
         193      108257         766       34682      951721
         194      108207         643       30938      955638
         195      108162         515       27490      959259
         196      108131         418       24185      962692
         197      108102         341       21090      965893
         198      108079         268       18347      968732
         199      108054         225       15702      971445
         200      108041         189       13303      973893
         201      108029         155       11255      975987
         202      108020         135        9466      977805
         203      108013         106        7900      979407
         204      108008          87        6599      980732
         205      108003          61        5406      981956
         206      107998          48        4462      982918
         207      107995          40        3647      983744
         208      107995          28        2946      984457
         209      107995          21        2364      985046
         210      107995          15        1948      985468
         211      107995          10        1585      985836
         212      107995           5        1286      986140
         213      107993           4        1018      986411
         214      107991           4         847      986584
         215      107990           5         696      986735
         216      107990           5         561      986870
         217      107990           5         456      986975
         218      107988           7         359      987072
         219      107988           5         295      987138
         220      107988           4         237      987197
         221      107988           3         188      987247
         222      107988           2         158      987278
         223      107988           2         129      987307
         224      107988           0         100      987338
         225      107988           0          81      987357
         226      107988           0          57      987381
         227      107988           0          44      987394
         228      107988           0          33      987405
         229      107988           0          29      987409
         230      107988           0          22      987416
         231      107988           0          18      987420
         232      107988           0          12      987426
         233      107988           0           8      987430
         234      107988           0           8      987430
         235      107988           0           7      987431
         236      107988           0           7      987431
         237      107988           0           7      987431
         238      107988           0           7      987431
         239      107988           0           5      987433
         240      107988           0           4      987434
         241      107988           0           3      987435
         242      107988           0           2      987436
         243      107988           0           2      987436
         244      107988           0           0      987438
           1     1095425           1           0           0
           2     1095425           1           0           0
           3     1095425           1           0           0
           4     1095425           1           0           0
           5     1095425           1           0           0
           6     1095425           1           0           0
           7     1095425           0           1           0
           8     1095425           0           1           0
           9     1095424           1           1           0
          10     1095423           2           1           0
          11     1095423           2           1           0
          12     1095423           2           1           0
          13     1095421           4           1           0
          14     1095421           4           1           0
          15     1095421           3           2           0
          16     1095419           5           2           0
          17     1095418           6           2           0
          18     1095418           5           3           0
          19     1095418           5           3           0
          20     1095417           4           5           0
          21     1095414           7           5           0
          22     1095412           7           7           0
          23     1095410           8           8           0
          24     1095406          12           8           0
          25     1095405          13           8           0
          26     1095403          14           9           0
          27     1095399          17           9           1
          28     1095396          17          12           1
          29     1095393          18          14           1
          30     1095387          23          15           1
          31     1095383          24          18           1
          32     1095373          31          21           1
          33     1095367          35          23           1
          34     1095357          39          29           1
          35     1095340          55          29           2
          36     1095335          56          33           2
          37     1095328          56          39           3
          38     1095314          64          45           3
          39     1095295          75          52           4
          40     1095282          83          56           5
          41     1095264          83          74           5
          42     1095239         100          81           6
          43     1095215         116          87           8
          44     1095186         133          99           8
          45     1095154         153         111           8
          46     1095129         160         129           8
          47     1095096         179         141          10
          48     1095040         213         160          13
          49     1094986         241         183          16
          50     1094933         265         211          17
          51     1094865         304         237          20
          52     1094798         345         261          22
          53     1094705         408         289          24
          54     1094615         443         339          29
          55     1094502         506         386          32
          56     1094361         595         434          36
          57     1094214         679         490          43
          58     1094053         785         539          49
          59     1093860         895         614          57
          60     1093648        1011         703          64
          61     1093412        1146         789          79
          62     1093137        1302         897          90
          63     1092859        1437        1035          95
          64     1092503        1628        1191         104
          65     1092103        1857        1353         113
          66     1091661        2107        1519         139
          67     1091138        2388        1747         153
          68     1090560        2725        1965         176
          69     1089950        3064        2211         201
          70     1089218        3458        2524         226
          71     1088415        3888        2866         257
          72     1087473        4414        3253         286
          73     1086427        4985        3696         318
          74     1085228        5638        4198         362
          75     1083888        6378        4751         409
          76     1082462        7132        5363         469
          77     1080819        7982        6092         533
          78     1078832        9106        6896         592
          79     1076743       10221        7786         676
          80     1074351       11493        8811         771
          81     1071641       12879       10037         869
          82     1068574       14611       11249         992
          83     1065160       16509       12624        1133
          84     1061439       18387       14307        1293
          85     1057118       20693       16136        1479
          86     1052421       23162       18175        1668
          87     1047080       25950       20494        1902
          88     1041157       28984       23128        2157
          89     1034523       32295       26171        2437
          90     1027194       36113       29370        2749
          91     1019005       40347       32948        3126
          92     1009903       44889       37086        3548
          93     1000021       49680       41695        4030
          94      989203       54931       46722        4570
          95      977305       60521       52409        5191
          96      964372       66487       58716        5851
          97      950569       72556       65707        6594
          98      935360       79208       73365        7493
          99      919002       85947       82007        8470
         100      901593       92965       91287        9581
         101      882973      100295      101283       10875
         102      863468      107410      112311       12237
         103      842915      114645      124113       13753
         104      821767      121135      136931       15593
         105      799702      127556      150554       17614
         106      777416      133030      165103       19877
         107      754534      137808      180610       22474
         108      731590      141660      196863       25313
         109      708727      144417      213742       28540
         110      685898      146387      231038       32103
         111      663661      146975      248680       36110
         112      641908      146887      265990       40641
         113      621072      144958      283741       45655
         114      601022      141965      301157       51282
         115      582025      138089      317719       57593
         116      564085      133144      333551       64646
         117      546878      127858      348386       72304
         118      530612      122085      361852       80877
         119      515483      115802      373637       90504
         120      501253      109743      383613      100817
         121      487637      103902      391755      112132
         122      474791       98199      397818      124618
         123      462303       93041      402158      137924
         124      450887       87891      404173      152475
         125      439988       82949      404314      168175
         126      429637       78720      402051      185018
         127      419518       74913      397895      203100
         128      409764       71342      392228      222092
         129      400253       68289      384606      242278
         130      390973       65528      375858      263067
         131      381705       63681      365295      284745
         132      373019       61777      353830      306800
         133      364208       60315      341394      329509
         134      355897       58720      328318      352491
         135      347497       57422      315128      375379
         136      339317       56383      301594      398132
         137      331375       54956      288408      420687
         138      323548       53846      275313      442719
         139      315869       52690      262802      464065
         140      308609       51428      250945      484444
         141      301478       50153      239881      503914
         142      294720       48634      229641      522431
         143      288076       47235      220068      540047
         144      281645       45785      211297      556699
         145      275389       44216      203364      572457
         146      269568       42666      195923      587269
         147      263805       41291      189359      600971
         148      258563       39519      183054      614290
         149      253443       37887      177121      626975
         150      248690       36232      171598      638906
         151      243828       34687      166877      650034
         152      239206       33300      162323      660597
         153      234675       31947      157887      670917
         154      230203       31037      153328      680858
         155      225789       30226      148902      690509
         156      221416       29676      144483      699851
         157      217131       29162      140047      709086
         158      212794       28810      135811      718011
         159      208455       28507      131596      726868
         160      204089       28374      127627      735336
         161      199684       28288      123666      743788
         162      195299       28328      119729      752070
         163      190752       28524      116038      760112
         164      186283       28723      112353      768067
         165      181764       28869      109026      775767
         166      177260       28984      106006      783176
         167      172689       29186      103184      790367
         168      168225       29310      100570      797321
         169      163680       29328       98316      804102
         170      159266       29240       96367      810553
         171      155001       29020       94533      816872
         172      150725       28772       92991      822938
         173      146685       28277       91725      828739
         174      142785       27643       90771      834227
         175      138986       26990       89977      839473
         176      135427       26027       89639      844333
         177      132095       24977       89170      849184
         178      129059       23750       88738      853879
         179      126233       22521       88154      858518
         180      123746       20986       87667      863027
         181      121509       19325       87131      867461
         182      119453       17766       86429      871778
         183      117715       15949       85620      876142
         184      116116       14437       84384      880489
         185      114804       12831       83033      884758
         186      113720       11268       81371      889067
         187      112746        9898       79153      893629
         188      111907        8576       77023      897920
         189      111235        7360       74397      902434
         190      110673        6233       71577      906943
         191      110210        5262       68533      911421
         192      109810        4470       65216      915930
         193      109470        3783       61696      920477
         194      109216        3090       58164      924956
         195      109018        2550       54426      929432
         196      108837        2112       50500      933977
         197      108682        1769       46653      938322
         198      108558        1457       42760      942651
         199      108467        1167       39107      946685
         200      108393         961       35380      950692
         201      108334         784       31724      954584
         202      108303         625       28309      958189
         203      108256         516       24931      961723
         204      108219         409       21980      964818
         205      108197         320       19117      967792
         206      108175         254       16568      970429
         207      108153         208       14303      972762
         208      108132         187       12154      974953
         209      108119         156       10346      976805
         210      108108         128        8658      978532
         211      108102         106        7236      979982
         212      108095          95        6109      981127
         213      108090          72        5091      982173
         214      108085          56        4194      983091
         215      108081          44        3447      983854
         216      108078          40        2842      984466
         217      108076          31        2349      984970
         218      108075          24        1917      985410
         219      108075          18        1557      985776
         220      108075          14        1253      986084
         221      108074           9        1029      986314
         222      108073           7         850      986496
         223      108073           3         686      986664
         224      108073           2         547      986804
         225      108073           2         442      986909
         226      108073           2         352      986999
         227      108073           1         290      987062
         228      108073           1         245      987107
         229      108073           1         205      987147
         230      108073           1         160      987192
         231      108072           2         135      987217
         232      108072           1         114      987239
         233      108072           1          90      987263
         234      108071           2          70      987283
         235      108071           2          51      987302
         236      108071           2          41      987312
         237      108071           2          32      987321
         238      108071           1          25      987329
         239      108071           1          21      987333
         240      108071           1          16      987338
         241      108071           0          13      987342
         242      108071           0          10      987345
         243      108071           0           7      987348
         244      108071           0           5      987350
         245      108071           0           5      987350
         246      108071           0           4      987351
         247      108071           0           4      987351
         248      108071           0           3      987352
         249      108071           0           2      987353
         250      108071           0           2      987353
         251      108071           0           2      987353
         252      108071           0           2      987353
         253      108071           0           2      987353
         254      108071           0           2      987353
         255      108071           0           2      987353
         256      108071           0           2      987353
         257      108071           0           1      987354
         258      108071           0           1      987354
         259      108071           0           1      987354
         260      108071           0           1      987354
         261      108071           0           0      987355
           1     1095425           1           0           0
           2     1095425           1           0           0
           3     1095425           1           0           0
           4     1095425           1           0           0
           5     1095425           1           0           0
           6     1095425           1           0           0
           7     1095425           1           0           0
           8     1095425           0           1           0
           9     1095424           1           1           0
          10     1095424           1           1           0
          11     1095424           1           1           0
          12     1095424           1           1           0
          13     1095424           1           1           0
          14     1095424           1           1           0
          15     1095424           0           2           0
          16     1095424           0           2           0
          17     1095422           2           2           0
          18     1095420           4           2           0
          19     1095420           4           2           0
          20     1095420           4           2           0
          21     1095420           4           2           0
          22     1095419           5           2           0
          23     1095417           6           3           0
          24     1095415           7           4           0
          25     1095414           6           6           0
          26     1095413           7           6           0
          27     1095412           8           5           1
          28     1095412           8           5           1
          29     1095412           7           6           1
          30     1095411           5           9           1
          31     1095409           5          11           1
          32     1095403          10          12           1
          33     1095396          16          13           1
          34     1095394          18          13           1
          35     1095391          21          13           1
          36     1095389          22          13           2
          37     1095386          24          14           2
          38     1095382          23          19           2
          39     1095376          25          23           2
          40     1095369          27          28           2
          41     1095359          35          30           2
          42     1095350          40          34           2
          43     1095342          45          36           3
          44     1095324          60          36           6
          45     1095309          70          41           6
          46     1095291          82          47           6
          47     1095269          95          56           6
          48     1095255         100          65           6
          49     1095224         120          73           9
          50     1095209         119          87          11
          51     1095182         134          98          12
          52     1095149         151         113          13
          53     1095114         165         133          14
          54     1095070         194         148          14
          55     1095014         220         178          14
          56     1094964         253         195          14
          57     1094899         298         213          16
          58     1094843         331         231          21
          59     1094766         363         270          27
          60     1094692         400         303          31
          61     1094590         453         349          34
          62     1094483         501         407          35
          63     1094353         568         466          39
          64     1094186         683         516          41
          65     1094028         781         568          49
          66     1093838         894         639          55
          67     1093617        1035         713          61
          68     1093397        1144         816          69
          69     1093140        1268         938          80
          70     1092849        1420        1064          93
          71     1092504        1601        1212         109
          72     1092112        1825        1357         132
          73     1091666        2060        1552         148
          74     1091184        2315        1762         165
          75     1090641        2633        1961         191
          76     1090021        2956        2239         210
          77     1089365        3317        2511         233
          78     1088555        3758        2856         257
          79     1087626        4274        3229         297
          80     1086622        4788        3679         337
          81     1085422        5483        4135         386
          82     1084110        6234        4645         437
          83     1082689        7006        5228         503
          84     1081017        7950        5898         561
          85     1079215        8883        6709         619
          86     1077080       10069        7581         696
          87     1074704       11346        8596         780
          88     1072049       12700        9779         898
          89     1069058       14341       11017        1010
          90     1065719       16166       12380        1161
          91     1062009       18160       13928        1329
          92     1057785       20344       15808        1489
          93     1053105       22819       17817        1685
          94     1047959       25441       20099        1927
          95     1042055       28490       22721        2160
          96     1035553       31788       25662        2423
          97     1028358       35526       28788        2754
          98     1020251       39644       32413        3118
          99     1011335       44122       36430        3539
         100     1001695       48805       40937        3989
         101      991020       53912       45966        4528
         102      979398       59465       51486        5077
         103      966672       65267       57744        5743
         104      952595       71694       64668        6469
         105      937736       78047       72340        7303
         106      921607       84993       80522        8304
         107      904166       92156       89699        9405
         108      885629       99605       99495       10697
         109      866247      106768      110368       12043
         110      845691      113949      122246       13540
         111      824444      120743      134938       15301
         112      802422      127341      148380       17283
         113      779723      133201      162988       19514
         114      756624      138399      178391       22012
         115      733437      142588      194478       24923
         116      710173      145809      211379       28065
         117      687351      147670      228919       31486
         118      664939      148511      246474       35502
         119      642963      148199      264253       40011
         120      621782      146364      282331       44949
         121      601499      143514      300035       50378
         122      582035      139774      317079       56538
         123      563570      135149      333254       63453
         124      545977      130132      348203       71114
         125      529550      124324      361944       79608
         126      513775      118554      374223       88874
         127      499124      112407      384839       99056
         128      485149      106494      393650      110133
         129      472029      100730      400343      122324
         130      459648       95170      404718      135890
         131      447651       90013      407424      150338
         132      436405       85242      407976      165803
         133      425496       80908      406584      182438
         134      414980       77040      402893      200513
         135      404633       73870      397427      219496
         136      394723       71020      390268      239415
         137      385144       68384      381465      260433
         138      375894       65961      371526      282045
         139      366843       64118      360115      304350
         140      358042       62109      348023      327252
         141      349505       60242      335343      350336
         142      340986       58751      322148      373541
         143      332839       57152      308893      396542
         144      324842       55635      295703      419246
         145      317288       54114      282491      441533
         146      309964       52501      269850      463111
         147      303053       50689      257759      483925
         148      296292       48898      246633      503603
         149      290002       46864      235847      522713
         150      284232       44647      225843      540704
         151      278724       42397      216694      557611
         152      273488       40123      208038      573777
         153      268698       37778      199910      589040
         154      264206       35495      192188      603537
         155      260005       33151      185266      617004
         156      256173       30927      178648      629678
         157      252546       28933      172047      641900
         158      249033       27039      165882      653472
         159      245781       25353      159815      664477
         160      242747       23691      153885      675103
         161      239813       22269      147659      685685
         162      236905       21246      141534      695741
         163      233974       20430      135522      705500
         164      230974       19829      129664      714959
         165      227958       19454      123961      724053
         166      224814       19508      118126      732978
         167      221594       19676      112488      741668
         168      218148       20168      106881      750229
         169      214670       20753      101441      758562
         170      211059       21339       96491      766537
         171      207213       22253       91645      774315
         172      203224       23151       87322      781729
         173      199017       24151       83379      788879
         174      194736       25117       79767      795806
         175      190285       26131       76700      802310
         176      185760       27132       74276      808258
         177      181117       28037       72357      813915
         178      176422       28793       70896      819315
         179      171665       29415       69943      824403
         180      166961       29886       69603      828976
         181      162195       30314       69564      833353
         182      157501       30462       70141      837322
         183      152933       30478       70971      841044
         184      148610       30092       72111      844613
         185      144426       29677       73287      848036
         186      140417       28893       74962      851154
         187      136666       27902       76698      854160
         188      133068       26724       78553      857081
         189      129869       25363       80193      860001
         190      126969       23761       81689      863007
         191      124324       22252       82871      865979
         192      121983       20357       84032      869054
         193      119927       18576       84645      872278
         194      118083       16796       84981      875566
         195      116542       14990       84881      879013
         196      115221       13219       84421      882565
         197      114075       11486       83544      886321
         198      113110       10033       82162      890121
         199      112281        8670       80218      894257
         200      111561        7396       77945      898524
         201      110976        6314       75217      902919
         202      110483        5455       72154      907334
         203      110074        4606       68772      911974
         204      109706        3884       65118      916718
         205      109421        3271       61357      921377
         206      109190        2740       57367      926129
         207      108980        2284       53330      930832
         208      108803        1915       49062      935646
         209      108652        1606       44952      940216
         210      108530        1368       40942      944586
         211      108447        1136       36969      948874
         212      108380         933       33101      953012
         213      108314         763       29432      956917
         214      108260         652       25950      960564
         215      108222         509       22769      963926
         216      108194         399       19896      966937
         217      108169         323       17165      969769
         218      108150         263       14722      972291
         219      108132         218       12599      974477
         220      108124         160       10672      976470
         221      108110         134        9030      978152
         222      108105          99        7690      979532
         223      108100          85        6445      980796
         224      108095          65        5438      981828
         225      108093          48        4556      982729
         226      108085          44        3804      983493
         227      108083          33        3151      984159
         228      108079          28        2630      984689
         229      108079          23        2184      985140
         230      108078          20        1801      985527
         231      108078          15        1475      985858
         232      108077          12        1213      986124
         233      108077           7         990      986352
         234      108077           4         806      986539
         235      108076           3         643      986704
         236      108076           2         512      986836
         237      108076           2         420      986928
         238      108076           1         344      987005
         239      108076           1         263      987086
         240      108076           1         204      987145
         241      108075           1         167      987183
         242      108075           1         134      987216
         243      108075           1         108      987242
         244      108075           1          79      987271
         245      108073           3          65      987285
         246      108073           3          53      987297
         247      108073           3          38      987312
         248      108073           2          35      987316
         249      108073           2          27      987324
         250      108073           2          22      987329
         251      108073           0          20      987333
         252      108073           0          13      987340
         253      108073           0          11      987342
         254      108073           0           7      987346
         255      108073           0           7      987346
         256      108073           0           6      987347
         257      108073           0           5      987348
         258      108073           0           5      987348
         259      108073           0           4      987349
         260      108073           0           4      987349
         261      108073           0           3      987350
         262      108073           0           3      987350
         263      108073           0           3      987350
         264      108073           0           3      987350
         265      108073           0           3      987350
         266      108073           0           3      987350
         267      108073           0           3      987350
         268      108073           0           2      987351
         269      108073           0           2      987351
         270      108073           0           2      987351
         271      108073           0           0      987353
           1     1095425           1           0           0
           2     1095425           1           0           0
           3     1095425           1           0           0
           4     1095425           1           0           0
           5     1095425           1           0           0
           6     1095425           1           0           0
           7     1095425           1           0           0
           8     1095425           0           1           0
           9     1095425           0           1           0
          10     1095425           0           1           0
          11     1095425           0           1           0
          12     1095424           1           1           0
          13     1095424           1           1           0
          14     1095423           2           1           0
          15     1095423           2           1           0
          16     1095423           2           1           0
          17     1095423           2           1           0
          18     1095423           1           2           0
          19     1095423           1           2           0
          20     1095421           2           3           0
          21     1095420           3           3           0
          22     1095419           4           3           0
          23     1095419           4           3           0
          24     1095419           4           3           0
          25     1095418           5           3           0
          26     1095415           6           5           0
          27     1095414           6           6           0
          28     1095412           8           5           1
          29     1095410           9           6           1
          30     1095409          10           6           1
          31     1095407          11           7           1
          32     1095402          14           9           1
          33     1095401          14          10           1
          34     1095400          14          11           1
          35     1095396          15          14           1
          36     1095393          17          15           1
          37     1095391          17          17           1
          38     1095385          19          21           1
          39     1095380          21          23           2
          40     1095375          26          22           3
          41     1095370          27          26           3
          42     1095368          27          28           3
          43     1095350          42          31           3
          44     1095339          48          36           3
          45     1095326          56          41           3
          46     1095314          64          44           4
          47     1095302          70          49           5
          48     1095289          80          51           6
          49     1095273          87          59           7
          50     1095255          88          76           7
          51     1095229         100          89           8
          52     1095198         122          96          10
          53     1095164         142         109          11
          54     1095133         163         116          14
          55     1095103         178         131          14
          56     1095058         209         142          17
          57     1095017         225         167          17
          58     1094974         241         190          21
          59     1094924         258         219          25
          60     1094857         298         246          25
          61     1094777         345         276          28
          62     1094689         392         314          31
          63     1094588         449         354          35
          64     1094485         511         391          39
          65     1094339         608         436          43
          66     1094186         699         493          48
          67     1094022         792         560          52
          68     1093848         881         640          57
          69     1093657         984         718          67
          70     1093429        1123         793          81
          71     1093145        1267         919          95
          72     1092838        1426        1058         104
          73     1092496        1609        1207         114
          74     1092099        1840        1359         128
          75     1091680        2082        1516         148
          76     1091216        2327        1721         162
          77     1090667        2627        1948         184
          78     1090050        2954        2205         217
          79     1089318        3353        2516         239
          80     1088520        3770        2858         278
          81     1087651        4234        3238         303
          82     1086618        4808        3652         348
          83     1085449        5487        4104         386
          84     1084236        6125        4636         429
          85     1082816        6882        5253         475
          86     1081197        7734        5955         540
          87     1079351        8741        6722         612
          88     1077219        9923        7592         692
          89     1074853       11185        8596         792
          90     1072209       12645        9683         889
          91     1069370       14172       10860        1024
          92     1066033       15960       12270        1163
          93     1062357       17882       13863        1324
          94     1058285       19972       15673        1496
          95     1053557       22490       17710        1669
          96     1048287       25250       20003        1886
          97     1042613       28175       22500        2138
          98     1036284       31369       25361        2412
          99     1029015       35154       28512        2745
         100     1020926       39342       32027        3131
         101     1012274       43668       35957        3527
         102     1002648       48338       40456        3984
         103      991896       53527       45526        4477
         104      980131       59336       50891        5068
         105      967509       65117       57063        5737
         106      953618       71392       63917        6499
         107      938704       77862       71542        7318
         108      922602       84818       79708        8298
         109      905071       92256       88708        9391
         110      886620       99310       98938       10558
         111      867057      106900      109551       11918
         112      846503      114075      121437       13411
         113      825069      121131      134086       15140
         114      802535      128233      147505       17153
         115      779352      134431      162258       19385
         116      755652      140363      177520       21891
         117      731656      145236      193914       24620
         118      707767      149115      210827       27717
         119      684047      151759      228452       31168
         120      660148      153731      246341       35206
         121      636971      153991      264922       39542
         122      614397      153129      283405       44495
         123      592481      151079      301854       50012
         124      571659      148000      319789       55978
         125      551818      144154      336662       62792
         126      532746      139289      352979       70412
         127      514769      133785      368057       78815
         128      498187      127484      381826       87929
         129      482536      120911      393756       98223
         130      467471      114644      403899      109412
         131      453218      108561      412159      121488
         132      439711      102419      418429      134867
         133      427163       96479      422542      149242
         134      415199       91220      424374      164633
         135      403841       86563      423371      181651
         136      393306       81692      421006      199422
         137      383273       77008      416683      218462
         138      373613       72672      410404      238737
         139      364413       68935      402425      259653
         140      355463       65639      392571      281753
         141      346815       62609      381508      304494
         142      338542       59966      369014      327904
         143      330423       57831      355388      351784
         144      322674       55710      341375      375667
         145      315002       53997      326874      399553
         146      307719       52212      312111      423384
         147      300621       50496      297478      446831
         148      293653       48954      283084      469735
         149      286955       47466      268944      492061
         150      280627       45896      255544      513359
         151      274400       44350      243001      533675
         152      268329       43054      230719      553324
         153      262613       41591      219425      571797
         154      257016       40071      209321      589018
         155      251616       38801      199993      605016
         156      246563       37230      191108      620525
         157      241625       35839      182934      635028
         158      236785       34569      175071      649001
         159      232141       33355      167854      662076
         160      227556       32245      161307      674318
         161      223216       31103      155178      685929
         162      218746       30329      149434      696917
         163      214355       29718      144080      707273
         164      209844       29394      139148      717040
         165      205556       28879      134537      726454
         166      201180       28694      129970      735582
         167      196713       28685      125727      744301
         168      192327       28580      121703      752816
         169      187886       28662      117879      760999
         170      183434       28645      114517      768830
         171      179083       28603      111154      776586
         172      174707       28697      107979      784043
         173      170281       28594      105347      791204
         174      165883       28643      102554      798346
         175      161617       28500      100171      805138
         176      157494       28121       98177      811634
         177      153415       27815       96295      817901
         178      149447       27476       94456      824047
         179      145534       26960       92959      829973
         180      141751       26290       91795      835590
         181      138103       25599       90613      841111
         182      134663       24870       89507      846386
         183      131451       23946       88619      851410
         184      128490       22905       87882      856149
         185      125743       21721       87030      860932
         186      123284       20297       86257      865588
         187      121095       18831       85412      870088
         188      119089       17343       84520      874474
         189      117345       15710       83468      878903
         190      115798       14163       82153      883312
         191      114435       12703       80556      887732
         192      113313       11221       78850      892042
         193      112350        9917       76636      896523
         194      111529        8539       74452      900906
         195      110871        7338       71861      905356
         196      110324        6257       69130      909715
         197      109875        5244       66114      914193
         198      109496        4373       63037      918520
         199      109183        3658       59719      922866
         200      108929        2992       56160      927345
         201      108730        2457       52557      931682
         202      108581        2046       48956      935843
         203      108466        1622       45271      940067
         204      108360        1312       41673      944081
         205      108274        1052       38151      947949
         206      108207         846       34554      951819
         207      108164         653       31139      955470
         208      108129         514       27771      959012
         209      108097         419       24568      962342
         210      108075         335       21564      965452
         211      108061         253       18803      968309
         212      108041         199       16263      970923
         213      108024         162       14038      973202
         214      108009         144       11933      975340
         215      107997         117       10113      977199
         216      107987          99        8459      978881
         217      107981          89        7049      980307
         218      107976          77        5814      981559
         219      107970          62        4762      982632
         220      107967          47        3911      983501
         221      107964          41        3219      984202
         222      107962          29        2605      984830
         223      107960          24        2120      985322
         224      107959          21        1711      985735
         225      107956          15        1383      986072
         226      107954          14        1095      986363
         227      107953          14         867      986592
         228      107951          12         702      986761
         229      107949          13         560      986904
         230      107948          11         455      987012
         231      107948           9         357      987112
         232      107948           7         289      987182
         233      107948           6         229      987243
         234      107948           3         199      987276
         235      107948           3         155      987320
         236      107948           1         137      987340
         237      107948           0         118      987360
         238      107948           0         104      987374
         239      107948           0          86      987392
         240      107948           0          66      987412
         241      107948           0          54      987424
         242      107948           0          45      987433
         243      107947           1          37      987441
         244      107947           1          31      987447
         245      107947           1          24      987454
         246      107947           1          20      987458
         247      107947           1          20      987458
         248      107947           1          16      987462
         249      107947           1          12      987466
         250      107947           0          12      987467
         251      107947           0          11      987468
         252      107946           1           9      987470
         253      107946           1           6      987473
         254      107946           1           4      987475
         255      107946           1           3      987476
         256      107946           1           2      987477
         257      107946           1           1      987478
         258      107946           1           1      987478
         259      107946           0           2      987478
         260      107946           0           2      987478
         261      107946           0           2      987478
         262      107946           0           2      987478
         263      107946           0           2      987478
         264      107946           0           2      987478
         265      107946           0           2      987478
         266      107946           0           2      987478
         267      107946           0           2      987478
         268      107946           0           2      987478
         269      107946           0           1      987479
         270      107946           0           1      987479
         271      107946           0           1      987479
         272      107946           0           1      987479
         273      107946           0           1      987479
         274      107946           0           1      987479
         275      107946           0           1      987479
         276      107946           0           1      987479
         277      107946           0           1      987479
         278      107946           0           0      987480
