 #time average_recover sd_R average_infected sd_I
          25   1.0000000000000000        0.0000000000000000        55.100000000000001        17.002646852769708     
          26   1.0000000000000000        0.0000000000000000        64.500000000000000        18.916923639957961     
          27   1.0000000000000000        0.0000000000000000        79.400000000000006        23.113632341109863     
          28   1.0000000000000000        0.0000000000000000        98.099999999999994        26.994258648831245     
          29   1.0000000000000000        0.0000000000000000        117.90000000000001        31.449801271232197     
          30   1.0000000000000000        0.0000000000000000        143.80000000000001        39.473535438316091     
          31   1.1000000000000001       0.29999999999999977        173.19999999999999        50.137411181671574     
          32   1.6000000000000001       0.66332495807107961        211.90000000000001        62.070041082635043     
          33   2.2000000000000002        1.0770329614269005        256.50000000000000        73.611480082932673     
          34   2.7999999999999998        1.0770329614269012        308.69999999999999        85.438925555042019     
          35   3.3999999999999999        1.2806248474865700        372.50000000000000        100.17110361775995     
          36   4.0999999999999996        1.3747727084867523        445.10000000000002        120.65525268300590     
          37   4.9000000000000004        1.5132745950421542        535.20000000000005        149.65881196909172     
          38   5.5999999999999996        1.4282856857085708        645.89999999999998        183.96002283104875     
          39   6.5999999999999996        1.8547236990991420        781.79999999999995        221.44516251207673     
          40   8.5999999999999996        2.7640549922170510        947.70000000000005        269.07398610791034     
          41   11.000000000000000        3.4058772731852796        1145.7000000000000        325.57212718535959     
          42   13.199999999999999        3.6276714294434145        1379.9000000000001        390.15956991979544     
          43   15.900000000000000        4.3231932642434572        1653.3000000000000        459.32168466119708     
          44   19.100000000000001        5.8728187440104049        1998.0000000000000        552.07010424401756     
          45   24.199999999999999        7.1665891468675680        2415.5999999999999        667.65458135176505     
          46   29.100000000000001        9.2676857952781280        2903.5999999999999        799.72160155894289     
          47   35.000000000000000        11.081516141756053        3488.0000000000000        969.97340169718075     
          48   43.399999999999999        14.725488107359977        4216.0000000000000        1169.3302356477400     
          49   51.500000000000000        16.341664541900258        5083.3999999999996        1413.5123770239884     
          50   59.799999999999997        18.578482176970226        6151.8999999999996        1706.3447160524179     
          51   73.799999999999997        22.012723593412979        7406.6000000000004        2043.5328820452096     
          52   89.900000000000006        25.125485069944386        8927.7000000000007        2472.0169922555124     
          53   108.70000000000000        28.844583547002376        10735.100000000000        2979.7507429313605     
          54   131.40000000000001        35.713302843618351        12896.500000000000        3550.0701471942793     
          55   160.19999999999999        46.365504418694748        15482.200000000001        4236.9694546928195     
          56   194.59999999999999        54.650160109555095        18593.599999999999        5091.2486523445396     
          57   237.40000000000001        69.445230217776654        22332.599999999999        6096.4297781570549     
          58   283.10000000000002        80.956099214327168        26791.599999999999        7275.9405330170275     
          59   341.39999999999998        92.998064495988459        32051.500000000000        8645.0575272811275     
          60   411.69999999999999        110.38935637098365        38323.300000000003        10305.972967653270     
          61   491.89999999999998        136.86157240072916        45711.400000000001        12192.280034513646     
          62   595.39999999999998        165.95734391704400        54428.599999999999        14397.816606694223     
          63   719.39999999999998        203.29938514417600        64642.199999999997        16908.622976457915     
          64   872.89999999999998        246.56984811610698        76461.300000000003        19760.261304193311     
          65   1053.0000000000000        299.30319076147504        90151.600000000006        23008.865309701785     
          66   1266.7000000000000        358.96658618874233        105986.89999999999        26632.678406236239     
          67   1522.9000000000001        425.62740748217794        124058.50000000000        30602.061767959374     
          68   1846.0000000000000        509.98980381964509        144390.60000000001        34819.046050114586     
          69   2225.5999999999999        616.14238614138571        166990.39999999999        39214.236591319721     
          70   2679.1999999999998        745.42642829457122        191901.60000000001        43615.973652321365     
          71   3224.5999999999999        892.31229959022767        218743.50000000000        48005.938558161724     
          72   3888.3000000000002        1076.7066499283819        247204.20000000001        52099.743137178630     
          73   4697.8999999999996        1313.7916463427532        276965.00000000000        55764.214412112000     
          74   5667.6999999999998        1577.1101451705913        307452.00000000000        58757.688587962657     
          75   6842.0000000000000        1891.8156886969728        337950.90000000002        60928.937326117768     
          76   8242.2000000000007        2273.3948535175277        367837.79999999999        61891.863750900229     
          77   9906.5000000000000        2751.1443164617876        396440.09999999998        61740.765070494715     
          78   11914.200000000001        3282.0894503349532        423441.40000000002        60566.814661495860     
          79   14312.500000000000        3920.4833694329063        448396.20000000001        58352.698069240905     
          80   17179.000000000000        4701.4445226972557        471216.79999999999        55413.969379209928     
          81   20647.500000000000        5650.9846265938468        491744.00000000000        51779.088800402809     
          82   24784.900000000001        6740.8277006610924        510175.29999999999        47773.988876898184     
          83   29701.200000000001        8030.8019873484582        526620.00000000000        43501.160327053207     
          84   35523.599999999999        9563.9243117038659        540951.90000000002        39112.922988316044     
          85   42410.300000000003        11359.293922159064        553123.09999999998        34797.825232189651     
          86   50567.199999999997        13442.825363739583        563232.59999999998        30438.907389064396     
          87   60142.699999999997        15819.193462689569        571210.09999999998        26298.888852764783     
          88   71266.600000000006        18555.100717592439        577060.69999999995        22203.627947028628     
          89   84153.100000000006        21625.758643108904        580589.40000000002        18154.256113649441     
          90   99206.899999999994        25145.856841436143        581516.90000000002        14627.467958944693     
          91   116387.80000000000        29004.348194020837        579787.59999999998        12205.212191521936     
          92   135903.29999999999        33198.667621005596        575318.80000000005        12463.406129943945     
          93   157678.29999999999        37574.118893328749        568028.09999999998        15066.477162562815     
          94   181809.20000000001        42046.032972921457        557874.30000000005        19316.126594375084     
          95   208192.39999999999        46599.353468047244        544910.69999999995        24427.126134895258     
          96   236423.50000000000        50966.049578616563        529472.80000000005        29669.246959772558     
          97   266259.50000000000        55058.714718471201        511751.40000000002        34906.272130377627     
          98   297350.70000000001        58587.524559499820        492062.20000000001        39573.560872885872     
          99   328884.20000000001        61447.833058294105        471261.50000000000        43603.502080108126     
         100   360433.20000000001        63344.479776536078        449662.79999999999        46637.009118938979     
         101   391179.50000000000        64196.181321399483        428178.20000000001        48640.875731836815     
         102   420854.09999999998        64025.972288517580        407192.40000000002        49607.062394784094     
         103   449074.09999999998        62845.677831415160        387055.59999999998        49490.366646853880     
         104   475578.00000000000        60903.569744309782        368153.20000000001        48486.018140903143     
         105   500533.70000000001        58372.983269745579        350320.50000000000        46806.521497009300     
         106   523837.29999999999        55434.699901866719        333865.40000000002        44654.560607400206     
         107   545853.50000000000        52263.212020024417        318326.70000000001        42104.854670334418     
         108   566666.19999999995        49134.300332456492        303741.09999999998        39457.182771835200     
         109   586295.30000000005        46130.334882915959        290239.50000000000        36805.835304337234     
         110   604966.00000000000        43406.225065075916        277614.09999999998        34284.993450342306     
         111   622850.09999999998        40981.764999692867        265723.40000000002        31981.912151089105     
         112   640113.80000000005        38731.268837464500        254496.89999999999        29693.061864516421     
         113   656812.69999999995        36694.103501926009        243930.60000000001        27626.636375787813     
         114   672987.69999999995        34726.629157033189        233892.60000000001        25577.884483279679     
         115   688716.59999999998        32881.654253397937        224380.50000000000        23672.561784690668     
         116   703913.90000000002        31079.083980869927        215455.10000000001        21836.426990009029     
         117   718598.69999999995        29410.009911764238        207058.89999999999        20204.054753687386     
         118   732840.19999999995        27677.092982466260        199060.60000000001        18511.654800152319     
         119   746510.59999999998        26023.302635139127        191632.50000000000        17042.974911968817     
         120   759571.30000000005        24382.280656449831        184681.60000000001        15580.930878480820     
         121   772037.80000000005        22708.797756815231        178212.89999999999        14061.475053848457     
         122   783746.69999999995        21084.727577327903        172254.79999999999        12520.860847402004     
         123   794806.30000000005        19612.222760564018        166584.20000000001        11157.548106999060     
         124   805122.90000000002        18204.905929172353        161264.00000000000        9900.6984905105801     
         125   814755.50000000000        16897.855924642499        156109.00000000000        8797.2889005647648     
         126   823695.40000000002        15707.066843938936        151075.79999999999        7962.6060909733533     
         127   832106.59999999998        14557.484859688622        146029.89999999999        7390.4409266294897     
         128   839952.30000000005        13586.503156074037        140955.10000000001        7148.6258043066846     
         129   847287.40000000002        12784.045722698236        135890.00000000000        7232.8294601767020     
         130   854272.80000000005        12109.065965628255        130697.89999999999        7500.6580971272979     
         131   860942.30000000005        11632.249043496986        125399.70000000000        7949.9203650099207     
         132   867302.90000000002        11266.001131279467        120080.10000000001        8418.3535854701568     
         133   873485.40000000002        11142.294379521527        114675.50000000000        9020.4912975957141     
         134   879562.30000000005        11179.400172189962        109155.20000000000        9657.6014806990570     
         135   885579.59999999998        11294.996708283572        103535.30000000000        10231.094800166768     
         136   891584.90000000002        11557.046348009471        97795.000000000000        10812.266802109520     
         137   897703.00000000000        11833.379669393880        91855.600000000006        11310.698388693732     
         138   903820.59999999998        12136.686930131083        85867.500000000000        11799.538535468224     
         139   909996.80000000005        12414.017615577292        79774.699999999997        12196.494029433237     
         140   916260.30000000005        12679.989243290427        73562.500000000000        12537.074900071395     
         141   922528.00000000000        12848.291271604003        67328.100000000006        12757.058771127449     
         142   928782.09999999998        12932.117556305784        61096.699999999997        12876.224563512405     
         143   935073.90000000002        12897.419706668688        54817.000000000000        12860.536971682008     
         144   941238.19999999995        12754.123182726293        48662.199999999997        12731.869790411782     
         145   947329.50000000000        12473.160836371830        42577.000000000000        12460.697267809699     
         146   953186.69999999995        12102.130193072748        36723.099999999999        12094.905774333261     
         147   958745.69999999995        11598.520914761340        31166.200000000001        11594.509560994809     
         148   963920.50000000000        10947.314887679078        25992.599999999999        10944.391460469613     
         149   968667.30000000005        10206.743291078959        21246.599999999999        10204.867928591730     
         150   972825.40000000002        9327.9319165593097        17089.000000000000        9326.8514301451178     
         151   976453.30000000005        8373.3149713756302        13461.200000000001        8372.2284823098307     
         152   979515.50000000000        7345.7217650820403        10399.100000000000        7344.7948160585120     
         153   982046.90000000002        6308.1601668048570        7867.6999999999998        6307.3412790176499     
         154   984072.00000000000        5257.0421911922667        5843.3999999999996        5257.6231930407494     
         155   985657.40000000002        4314.8522153156819        4258.1999999999998        4315.8689229400834     
         156   986873.30000000005        3432.1996168403239        3042.3000000000002        3433.3240176249024     
         157   987773.50000000000        2657.6503626231897        2142.1999999999998        2658.8498942211841     
         158   988435.90000000002        1983.9306666041982        1479.8000000000000        1985.2237556507328     
         159   988915.50000000000        1436.4528011822783        1000.2000000000000        1437.7887049215542     
         160   989242.50000000000        1020.6814635450249        673.20000000000005        1022.0602526270161     
         161   989470.00000000000        715.58325862502829        445.69999999999999        716.99958856334081     
         162   989626.00000000000        483.67447730886113        289.69999999999999        485.11690343668710     
         163   989727.80000000005        317.74228536993525        187.90000000000001        319.19913847001527     
         164   989797.30000000005        203.98237653415904        118.40000000000001        205.47856335880880     
         165   989841.40000000002        130.11164404845627        74.299999999999997        131.69969627907270     
         166   989868.59999999998        81.148259618198225        47.100000000000001        82.664926056943884     
         167   989884.90000000002        50.873273590563372        30.800000000000001        52.300669211779685     
         168   989895.59999999998        33.455044316730103        20.100000000000001        34.777722754660061     
         169   989903.09999999998        20.062153180413489        12.600000000000000        21.247117451550928     
         170   989908.19999999995        10.805560227768733        7.5000000000000000        11.403946685248927     
         171   989910.50000000000        6.9028997105609537        5.2000000000000002        7.1944422994419792     
         172   989912.19999999995        5.2687768756728541        3.5000000000000000        4.7169905660283016     
         173   989913.40000000002        4.3634753342017989        2.2999999999999998        3.3778691508109073     
         174   989914.40000000002        3.9038430084181153        1.3000000000000000        1.7349351572897471     
         175   989914.40000000002        3.9038430084181153        1.3000000000000000        1.7349351572897471     
         176   989914.59999999998        3.8262431599089464        1.1000000000000001        1.7578395831246945     
         177   989914.59999999998        3.8262431599089464        1.1000000000000001        1.7578395831246945     
         178   989914.90000000002        4.0112299635289546       0.80000000000000004        1.1661903789690600     
         179   989915.50000000000        4.4328348056365128       0.20000000000000001       0.40000000000000002     
         180   989915.59999999998        4.2708301575191445       0.10000000000000001       0.29999999999999999     
         181   989915.69999999995        4.2673273846533615        0.0000000000000000        0.0000000000000000     
         182   989915.69999999995        4.2673273846533615        0.0000000000000000        0.0000000000000000     
         183   989915.69999999995        4.2673273846533615        0.0000000000000000        0.0000000000000000     
         184   989915.69999999995        4.2673273846533615        0.0000000000000000        0.0000000000000000     
         185   989915.69999999995        4.2673273846533615        0.0000000000000000        0.0000000000000000     
         186   989915.69999999995        4.2673273846533615        0.0000000000000000        0.0000000000000000     
         187   989915.69999999995        4.2673273846533615        0.0000000000000000        0.0000000000000000     
         188   989915.69999999995        4.2673273846533615        0.0000000000000000        0.0000000000000000     
         189   989915.69999999995        4.2673273846533615        0.0000000000000000        0.0000000000000000     
         190   989915.69999999995        4.2673273846533615        0.0000000000000000        0.0000000000000000     
         191   989915.69999999995        4.2673273846533615        0.0000000000000000        0.0000000000000000     
         192   989915.69999999995        4.2673273846533615        0.0000000000000000        0.0000000000000000     
         193   989915.69999999995        4.2673273846533615        0.0000000000000000        0.0000000000000000     
         194   989915.69999999995        4.2673273846533615        0.0000000000000000        0.0000000000000000     
         195   989915.69999999995        4.2673273846533615        0.0000000000000000        0.0000000000000000     
         196   989915.69999999995        4.2673273846533615        0.0000000000000000        0.0000000000000000     
         197   989915.69999999995        4.2673273846533615        0.0000000000000000        0.0000000000000000     
         198   989915.69999999995        4.2673273846533615        0.0000000000000000        0.0000000000000000     
         199   989915.69999999995        4.2673273846533615        0.0000000000000000        0.0000000000000000     
         200   989915.69999999995        4.2673273846533615        0.0000000000000000        0.0000000000000000     
         201   989915.69999999995        4.2673273846533615        0.0000000000000000        0.0000000000000000     
         202   989915.69999999995        4.2673273846533615        0.0000000000000000        0.0000000000000000     
         203   989915.69999999995        4.2673273846533615        0.0000000000000000        0.0000000000000000     
         204   989915.69999999995        4.2673273846533615        0.0000000000000000        0.0000000000000000     
         205   989915.69999999995        4.2673273846533615        0.0000000000000000        0.0000000000000000     
         206   989915.69999999995        4.2673273846533615        0.0000000000000000        0.0000000000000000     
         207   989915.69999999995        4.2673273846533615        0.0000000000000000        0.0000000000000000     
         208   989915.69999999995        4.2673273846533615        0.0000000000000000        0.0000000000000000     
         209   989915.69999999995        4.2673273846533615        0.0000000000000000        0.0000000000000000     
         210   989915.69999999995        4.2673273846533615        0.0000000000000000        0.0000000000000000     
         211   989915.69999999995        4.2673273846533615        0.0000000000000000        0.0000000000000000     
         212   989915.69999999995        4.2673273846533615        0.0000000000000000        0.0000000000000000     
         213   989915.69999999995        4.2673273846533615        0.0000000000000000        0.0000000000000000     
         214   989915.69999999995        4.2673273846533615        0.0000000000000000        0.0000000000000000     
         215   989915.69999999995        4.2673273846533615        0.0000000000000000        0.0000000000000000     
         216   989915.69999999995        4.2673273846533615        0.0000000000000000        0.0000000000000000     
         217   989915.69999999995        4.2673273846533615        0.0000000000000000        0.0000000000000000     
         218   989915.69999999995        4.2673273846533615        0.0000000000000000        0.0000000000000000     
         219   989915.69999999995        4.2673273846533615        0.0000000000000000        0.0000000000000000     
         220   989915.69999999995        4.2673273846533615        0.0000000000000000        0.0000000000000000     
         221   989915.69999999995        4.2673273846533615        0.0000000000000000        0.0000000000000000     
         222   989915.69999999995        4.2673273846533615        0.0000000000000000        0.0000000000000000     
         223   989915.69999999995        4.2673273846533615        0.0000000000000000        0.0000000000000000     
         224   989915.69999999995        4.2673273846533615        0.0000000000000000        0.0000000000000000     
         225   989915.69999999995        4.2673273846533615        0.0000000000000000        0.0000000000000000     
         226   989915.69999999995        4.2673273846533615        0.0000000000000000        0.0000000000000000     
         227   989915.69999999995        4.2673273846533615        0.0000000000000000        0.0000000000000000     
         228   989915.69999999995        4.2673273846533615        0.0000000000000000        0.0000000000000000     
         229   989915.69999999995        4.2673273846533615        0.0000000000000000        0.0000000000000000     
         230   989915.69999999995        4.2673273846533615        0.0000000000000000        0.0000000000000000     
         231   989915.69999999995        4.2673273846533615        0.0000000000000000        0.0000000000000000     
         232   989915.69999999995        4.2673273846533615        0.0000000000000000        0.0000000000000000     
         233   989915.69999999995        4.2673273846533615        0.0000000000000000        0.0000000000000000     
         234   989915.69999999995        4.2673273846533615        0.0000000000000000        0.0000000000000000     
         235   989915.69999999995        4.2673273846533615        0.0000000000000000        0.0000000000000000     
         236   989915.69999999995        4.2673273846533615        0.0000000000000000        0.0000000000000000     
         237   989915.69999999995        4.2673273846533615        0.0000000000000000        0.0000000000000000     
         238   989915.69999999995        4.2673273846533615        0.0000000000000000        0.0000000000000000     
         239   989915.69999999995        4.2673273846533615        0.0000000000000000        0.0000000000000000     
         240   989915.69999999995        4.2673273846533615        0.0000000000000000        0.0000000000000000     
         241   989915.69999999995        4.2673273846533615        0.0000000000000000        0.0000000000000000     
         242   989915.69999999995        4.2673273846533615        0.0000000000000000        0.0000000000000000     
         243   989915.69999999995        4.2673273846533615        0.0000000000000000        0.0000000000000000     
         244   989915.69999999995        4.2673273846533615        0.0000000000000000        0.0000000000000000     
         245   989915.69999999995        4.2673273846533615        0.0000000000000000        0.0000000000000000     
         246   989915.69999999995        4.2673273846533615        0.0000000000000000        0.0000000000000000     
         247   989915.69999999995        4.2673273846533615        0.0000000000000000        0.0000000000000000     
         248   989915.69999999995        4.2673273846533615        0.0000000000000000        0.0000000000000000     
         249   989915.69999999995        4.2673273846533615        0.0000000000000000        0.0000000000000000     
         250   989915.69999999995        4.2673273846533615        0.0000000000000000        0.0000000000000000     
         251   989915.69999999995        4.2673273846533615        0.0000000000000000        0.0000000000000000     
         252   989915.69999999995        4.2673273846533615        0.0000000000000000        0.0000000000000000     
         253   989915.69999999995        4.2673273846533615        0.0000000000000000        0.0000000000000000     
         254   989915.69999999995        4.2673273846533615        0.0000000000000000        0.0000000000000000     
         255   989915.69999999995        4.2673273846533615        0.0000000000000000        0.0000000000000000     
         256   989915.69999999995        4.2673273846533615        0.0000000000000000        0.0000000000000000     
         257   989915.69999999995        4.2673273846533615        0.0000000000000000        0.0000000000000000     
         258   989915.69999999995        4.2673273846533615        0.0000000000000000        0.0000000000000000     
         259   989915.69999999995        4.2673273846533615        0.0000000000000000        0.0000000000000000     
         260   989915.69999999995        4.2673273846533615        0.0000000000000000        0.0000000000000000     
         261   989915.69999999995        4.2673273846533615        0.0000000000000000        0.0000000000000000     
         262   989915.69999999995        4.2673273846533615        0.0000000000000000        0.0000000000000000     
         263   989915.69999999995        4.2673273846533615        0.0000000000000000        0.0000000000000000     
         264   989915.69999999995        4.2673273846533615        0.0000000000000000        0.0000000000000000     
         265   989915.69999999995        4.2673273846533615        0.0000000000000000        0.0000000000000000     
         266   989915.69999999995        4.2673273846533615        0.0000000000000000        0.0000000000000000     
         267   989915.69999999995        4.2673273846533615        0.0000000000000000        0.0000000000000000     
         268   989915.69999999995        4.2673273846533615        0.0000000000000000        0.0000000000000000     
         269   989915.69999999995        4.2673273846533615        0.0000000000000000        0.0000000000000000     
         270   989915.69999999995        4.2673273846533615        0.0000000000000000        0.0000000000000000     
         271   989915.69999999995        4.2673273846533615        0.0000000000000000        0.0000000000000000     
         272   989915.69999999995        4.2673273846533615        0.0000000000000000        0.0000000000000000     
         273   989915.69999999995        4.2673273846533615        0.0000000000000000        0.0000000000000000     
         274   989915.69999999995        4.2673273846533615        0.0000000000000000        0.0000000000000000     
         275   989915.69999999995        4.2673273846533615        0.0000000000000000        0.0000000000000000     
         276   989915.69999999995        4.2673273846533615        0.0000000000000000        0.0000000000000000     
         277   989915.69999999995        4.2673273846533615        0.0000000000000000        0.0000000000000000     
         278   989915.69999999995        4.2673273846533615        0.0000000000000000        0.0000000000000000     
         279   989915.69999999995        4.2673273846533615        0.0000000000000000        0.0000000000000000     
         280   989915.69999999995        4.2673273846533615        0.0000000000000000        0.0000000000000000     
         281   989915.69999999995        4.2673273846533615        0.0000000000000000        0.0000000000000000     
         282   989915.69999999995        4.2673273846533615        0.0000000000000000        0.0000000000000000     
         283   989915.69999999995        4.2673273846533615        0.0000000000000000        0.0000000000000000     
         284   989915.69999999995        4.2673273846533615        0.0000000000000000        0.0000000000000000     
         285   989915.69999999995        4.2673273846533615        0.0000000000000000        0.0000000000000000     
         286   989915.69999999995        4.2673273846533615        0.0000000000000000        0.0000000000000000     
         287   989915.69999999995        4.2673273846533615        0.0000000000000000        0.0000000000000000     
         288   989915.69999999995        4.2673273846533615        0.0000000000000000        0.0000000000000000     
         289   989915.69999999995        4.2673273846533615        0.0000000000000000        0.0000000000000000     
         290   989915.69999999995        4.2673273846533615        0.0000000000000000        0.0000000000000000     
         291   989915.69999999995        4.2673273846533615        0.0000000000000000        0.0000000000000000     
         292   989915.69999999995        4.2673273846533615        0.0000000000000000        0.0000000000000000     
         293   989915.69999999995        4.2673273846533615        0.0000000000000000        0.0000000000000000     
         294   989915.69999999995        4.2673273846533615        0.0000000000000000        0.0000000000000000     
         295   989915.69999999995        4.2673273846533615        0.0000000000000000        0.0000000000000000     
         296   989915.69999999995        4.2673273846533615        0.0000000000000000        0.0000000000000000     
         297   989915.69999999995        4.2673273846533615        0.0000000000000000        0.0000000000000000     
         298   989915.69999999995        4.2673273846533615        0.0000000000000000        0.0000000000000000     
         299   989915.69999999995        4.2673273846533615        0.0000000000000000        0.0000000000000000     
         300   989915.69999999995        4.2673273846533615        0.0000000000000000        0.0000000000000000     
