 #time susceptible exposed infected recover
           1     1095425           1           0           0
           2     1095425           1           0           0
           3     1095425           1           0           0
           4     1095425           1           0           0
           5     1095425           0           1           0
           6     1095425           0           1           0
           7     1095425           0           1           0
           8     1095425           0           1           0
           9     1095425           0           1           0
          10     1095425           0           1           0
          11     1095424           1           1           0
          12     1095424           1           1           0
          13     1095424           1           1           0
          14     1095423           2           1           0
          15     1095423           1           2           0
          16     1095422           2           2           0
          17     1095422           2           2           0
          18     1095422           1           3           0
          19     1095421           2           3           0
          20     1095420           3           3           0
          21     1095419           3           4           0
          22     1095419           3           4           0
          23     1095419           2           4           1
          24     1095417           3           5           1
          25     1095415           5           5           1
          26     1095411           8           6           1
          27     1095408          11           6           1
          28     1095408          10           7           1
          29     1095407           9           9           1
          30     1095405           8          12           1
          31     1095402           8          15           1
          32     1095401           8          16           1
          33     1095398           9          17           2
          34     1095395          10          19           2
          35     1095392          11          21           2
          36     1095386          16          21           3
          37     1095382          17          24           3
          38     1095379          18          26           3
          39     1095375          17          30           4
          40     1095369          19          34           4
          41     1095362          21          38           5
          42     1095357          24          40           5
          43     1095346          31          43           6
          44     1095342          31          47           6
          45     1095333          31          55           7
          46     1095327          34          56           9
          47     1095322          30          63          11
          48     1095314          30          69          13
          49     1095299          38          73          16
          50     1095277          53          78          18
          51     1095260          67          81          18
          52     1095248          72          86          20
          53     1095232          75          97          22
          54     1095211          79         113          23
          55     1095189          84         127          26
          56     1095163          92         143          28
          57     1095126         111         157          32
          58     1095088         133         166          39
          59     1095063         136         184          43
          60     1095024         154         202          46
          61     1094976         168         234          48
          62     1094921         190         261          54
          63     1094872         206         285          63
          64     1094822         219         318          67
          65     1094749         250         352          75
          66     1094660         283         401          82
          67     1094575         323         439          89
          68     1094485         364         480          97
          69     1094376         409         540         101
          70     1094254         447         618         107
          71     1094098         530         680         118
          72     1093948         584         756         138
          73     1093787         645         836         158
          74     1093609         693         954         170
          75     1093399         792        1048         187
          76     1093143         872        1203         208
          77     1092890         983        1324         229
          78     1092628        1074        1469         255
          79     1092297        1208        1646         275
          80     1091980        1296        1830         320
          81     1091621        1383        2071         351
          82     1091177        1591        2272         386
          83     1090733        1732        2535         426
          84     1090242        1895        2814         475
          85     1089700        2122        3080         524
          86     1089118        2277        3450         581
          87     1088410        2542        3833         641
          88     1087580        2885        4245         716
          89     1086670        3299        4648         809
          90     1085629        3770        5131         896
          91     1084541        4205        5684         996
          92     1083428        4562        6326        1110
          93     1082144        4965        7076        1241
          94     1080707        5427        7887        1405
          95     1079187        5913        8763        1563
          96     1077433        6561        9709        1723
          97     1075452        7359       10690        1925
          98     1073236        8179       11849        2162
          99     1070898        9045       13077        2406
         100     1068363        9930       14464        2669
         101     1065434       10995       16036        2961
         102     1062208       12143       17782        3293
         103     1058763       13348       19700        3615
         104     1055068       14545       21778        4035
         105     1050891       15994       24068        4473
         106     1046227       17552       26698        4949
         107     1040998       19433       29539        5456
         108     1035453       21496       32468        6009
         109     1029557       23344       35860        6665
         110     1022997       25520       39466        7443
         111     1015793       27844       43468        8321
         112     1008044       30230       47876        9276
         113      999722       32837       52538       10329
         114      990639       35649       57707       11431
         115      980892       38554       63334       12646
         116      970478       41358       69590       14000
         117      959291       44645       75993       15497
         118      947541       47618       83156       17111
         119      935080       50731       90631       18984
         120      921832       53927       98611       21056
         121      907724       57141      107228       23333
         122      893088       60253      116279       25806
         123      877647       63726      125545       28508
         124      861837       66658      135366       31565
         125      845469       69252      145808       34897
         126      828208       72146      156548       38524
         127      810640       74798      167519       42469
         128      793093       76586      178826       46921
         129      774997       78680      189903       51846
         130      756780       80052      201335       57259
         131      738587       80901      213009       62929
         132      720349       81559      224425       69093
         133      702340       81704      235242       76140
         134      684776       81108      245989       83553
         135      667181       80390      256369       91486
         136      649999       79475      265700      100252
         137      633130       78020      274707      109569
         138      616822       76692      282179      119733
         139      600728       75189      288811      130698
         140      585246       73299      294889      141992
         141      569902       71590      299869      154065
         142      555265       69742      303431      166988
         143      541131       67606      305952      180737
         144      527499       65430      307395      195102
         145      514354       63096      307861      210115
         146      501487       61120      307161      225658
         147      489085       59185      305409      241747
         148      477120       57201      302462      258643
         149      465597       55201      298610      276018
         150      454458       53368      294018      293582
         151      443770       51435      288869      311352
         152      433390       49756      282704      329576
         153      423384       48000      276398      347644
         154      413608       46424      269415      365979
         155      404136       44970      262198      384122
         156      394982       43604      254994      401846
         157      386431       41985      247486      419524
         158      378037       40426      240174      436789
         159      370156       38735      232730      453805
         160      362522       36975      225477      470452
         161      355194       35575      217984      486673
         162      348195       34032      210743      502456
         163      341568       32588      203432      517838
         164      335249       31077      196353      532747
         165      329243       29652      189338      547193
         166      323544       28187      182534      561161
         167      318123       26759      176024      574520
         168      313022       25359      169545      587500
         169      308226       23999      163065      600136
         170      303906       22471      156715      612334
         171      299628       21247      150481      624070
         172      295679       19897      144619      635231
         173      291873       18744      138495      646314
         174      288185       17924      132471      656846
         175      284848       16951      126526      667101
         176      281569       16060      120858      676939
         177      278551       15233      115065      686577
         178      275716       14326      109497      695887
         179      272906       13575      104283      704662
         180      270113       13119       98928      713266
         181      267428       12646       94081      721271
         182      264817       12275       89324      729010
         183      262257       12027       84594      736548
         184      259721       11783       80208      743714
         185      257133       11671       76016      750606
         186      254469       11624       72317      757016
         187      251724       11811       68701      763190
         188      249053       11934       65347      769092
         189      246201       12205       62367      774653
         190      243366       12436       59757      779867
         191      240430       12661       57561      784774
         192      237491       12840       55739      789356
         193      234353       13274       54140      793659
         194      231026       13733       52864      797803
         195      227739       14184       51829      801674
         196      224300       14629       51096      805401
         197      220856       15053       50633      808884
         198      217375       15242       50614      812195
         199      213842       15500       50728      815356
         200      210159       15801       51190      818276
         201      206544       16080       51699      821103
         202      202885       16275       52331      823935
         203      199255       16368       53124      826679
         204      195628       16397       54077      829324
         205      192048       16354       55147      831877
         206      188447       16294       56231      834454
         207      184950       16099       57387      836990
         208      181602       15752       58480      839592
         209      178296       15524       59237      842369
         210      174962       15274       60190      845000
         211      171911       14800       60962      847753
         212      168812       14472       61530      850612
         213      165975       13946       61965      853540
         214      163291       13323       62341      856471
         215      160718       12710       62518      859480
         216      158214       12060       62416      862736
         217      156041       11339       62006      866040
         218      153947       10781       61282      869416
         219      152056        9983       60540      872847
         220      150288        9217       59603      876318
         221      148711        8416       58502      879797
         222      147243        7734       57021      883428
         223      145929        7086       55341      887070
         224      144773        6417       53530      890706
         225      143731        5789       51568      894338
         226      142754        5226       49448      897998
         227      141909        4687       47275      901555
         228      141135        4204       44935      905152
         229      140489        3771       42437      908729
         230      139900        3344       40049      912133
         231      139397        2939       37525      915565
         232      138939        2595       35043      918849
         233      138523        2285       32629      921989
         234      138146        2055       30057      925168
         235      137834        1804       27785      928003
         236      137536        1632       25458      930800
         237      137289        1451       23259      933427
         238      137053        1274       21164      935935
         239      136837        1154       19153      938282
         240      136685         992       17293      940456
         241      136539         874       15556      942457
         242      136415         751       13988      944272
         243      136309         629       12580      945908
         244      136233         527       11219      947447
         245      136151         465       10003      948807
         246      136089         372        8921      950044
         247      136025         332        7902      951167
         248      135969         295        6970      952192
         249      135928         253        6141      953104
         250      135888         234        5419      953885
         251      135849         205        4760      954612
         252      135819         172        4222      955213
         253      135790         158        3726      955752
         254      135768         140        3253      956265
         255      135746         118        2865      956697
         256      135732         104        2498      957092
         257      135721          80        2202      957423
         258      135705          77        1916      957728
         259      135686          69        1671      958000
         260      135678          59        1431      958258
         261      135673          56        1214      958483
         262      135665          48        1047      958666
         263      135662          33         919      958812
         264      135660          24         780      958962
         265      135656          19         686      959065
         266      135654          14         601      959157
         267      135647          19         525      959235
         268      135641          22         463      959300
         269      135638          21         395      959372
         270      135638          17         345      959426
         271      135637          11         303      959475
         272      135637           7         262      959520
         273      135635           5         231      959555
         274      135634           4         196      959592
         275      135632           6         165      959623
         276      135631           6         151      959638
         277      135629           6         123      959668
         278      135629           6         104      959687
         279      135629           4          95      959698
         280      135628           5          80      959713
         281      135628           3          65      959730
         282      135627           2          53      959744
         283      135626           3          46      959751
         284      135626           2          39      959759
         285      135626           2          37      959761
         286      135626           1          35      959764
         287      135625           1          31      959769
         288      135624           2          29      959771
         289      135624           2          24      959776
         290      135624           2          17      959783
         291      135623           2          15      959786
         292      135623           1          14      959788
         293      135623           1          13      959789
         294      135623           1          13      959789
         295      135623           1          12      959790
         296      135623           0          12      959791
         297      135623           0          11      959792
         298      135623           0          10      959793
         299      135623           0           6      959797
         300      135623           0           6      959797
         301      135623           0           6      959797
         302      135622           1           6      959797
         303      135622           1           5      959798
         304      135622           1           5      959798
         305      135622           1           3      959800
         306      135622           1           3      959800
         307      135622           0           4      959800
         308      135622           0           4      959800
         309      135622           0           4      959800
         310      135622           0           3      959801
         311      135622           0           2      959802
         312      135622           0           2      959802
         313      135622           0           1      959803
         314      135622           0           1      959803
         315      135622           0           1      959803
         316      135622           0           1      959803
         317      135622           0           1      959803
         318      135622           0           1      959803
         319      135622           0           1      959803
         320      135622           0           1      959803
         321      135622           0           1      959803
         322      135622           0           1      959803
         323      135622           0           1      959803
         324      135622           0           1      959803
         325      135622           0           0      959804
           1     1095425           1           0           0
           2     1095425           1           0           0
           3     1095425           1           0           0
           4     1095425           1           0           0
           5     1095425           0           1           0
           6     1095424           1           1           0
           7     1095424           1           1           0
           8     1095424           1           1           0
           9     1095423           2           1           0
          10     1095422           2           2           0
          11     1095422           2           2           0
          12     1095422           2           2           0
          13     1095422           2           2           0
          14     1095419           4           3           0
          15     1095419           3           4           0
          16     1095418           4           4           0
          17     1095417           5           4           0
          18     1095417           3           6           0
          19     1095416           3           7           0
          20     1095415           4           7           0
          21     1095414           5           7           0
          22     1095412           5           9           0
          23     1095407           9           9           1
          24     1095405          10          10           1
          25     1095400          15          10           1
          26     1095395          19          11           1
          27     1095393          16          16           1
          28     1095392          15          18           1
          29     1095388          15          22           1
          30     1095385          14          26           1
          31     1095377          19          27           3
          32     1095372          21          30           3
          33     1095369          21          32           4
          34     1095364          22          36           4
          35     1095354          25          43           4
          36     1095337          36          48           5
          37     1095323          48          48           7
          38     1095310          56          52           8
          39     1095298          59          60           9
          40     1095290          56          71           9
          41     1095273          60          83          10
          42     1095252          64         100          10
          43     1095232          73         109          12
          44     1095211          87         114          14
          45     1095191          95         124          16
          46     1095165         100         142          19
          47     1095142         100         159          25
          48     1095110         110         176          30
          49     1095075         128         192          31
          50     1095039         138         217          32
          51     1094978         170         242          36
          52     1094941         185         261          39
          53     1094889         198         293          46
          54     1094836         225         313          52
          55     1094766         244         361          55
          56     1094677         286         403          60
          57     1094592         323         442          69
          58     1094499         357         490          80
          59     1094391         404         534          97
          60     1094283         442         595         106
          61     1094149         494         662         121
          62     1094022         524         749         131
          63     1093868         572         839         147
          64     1093694         638         931         163
          65     1093499         706        1035         186
          66     1093282         798        1143         203
          67     1093042         911        1248         225
          68     1092759        1025        1398         244
          69     1092481        1126        1543         276
          70     1092176        1203        1749         298
          71     1091778        1392        1920         336
          72     1091415        1492        2155         364
          73     1090963        1649        2391         423
          74     1090460        1866        2636         464
          75     1089954        2012        2949         511
          76     1089378        2225        3257         566
          77     1088723        2456        3621         626
          78     1087993        2725        3999         709
          79     1087209        2996        4441         780
          80     1086273        3366        4906         881
          81     1085253        3786        5406         981
          82     1084078        4264        5992        1092
          83     1082854        4740        6617        1215
          84     1081553        5163        7376        1334
          85     1080051        5731        8163        1481
          86     1078358        6325        9097        1646
          87     1076509        6947       10134        1836
          88     1074503        7696       11186        2041
          89     1072293        8494       12375        2264
          90     1069832        9352       13716        2526
          91     1066979       10444       15194        2809
          92     1063951       11552       16815        3108
          93     1060692       12724       18582        3428
          94     1057076       14012       20511        3827
          95     1053112       15344       22728        4242
          96     1048688       16773       25242        4723
          97     1043889       18424       27910        5203
          98     1038557       20310       30785        5774
          99     1032774       22425       33830        6397
         100     1026498       24443       37429        7056
         101     1019824       26493       41290        7819
         102     1012444       28803       45479        8700
         103     1004432       31172       50160        9662
         104      995821       33811       55042       10752
         105      986374       36762       60287       12003
         106      976403       39697       66095       13231
         107      965718       42689       72392       14627
         108      954243       45913       79087       16183
         109      942085       48937       86418       17986
         110      929285       52120       94105       19916
         111      915605       55401      102391       22029
         112      901338       58716      111035       24337
         113      886442       61759      120223       27002
         114      870953       64844      129666       29963
         115      854914       67591      139791       33130
         116      838551       70105      150222       36548
         117      821608       72264      161215       40339
         118      804042       74563      172231       44590
         119      786246       76833      183262       49085
         120      768403       78300      194548       54175
         121      750599       79551      205513       59763
         122      732938       79779      216851       65858
         123      715059       80000      228148       72219
         124      697647       79727      238736       79316
         125      680445       79098      248877       87006
         126      663281       78338      258536       95271
         127      646578       77329      267106      104413
         128      630304       75979      275145      113998
         129      614379       74640      282095      124312
         130      599064       72881      288104      135377
         131      584270       70791      293068      147297
         132      570048       68486      297171      159721
         133      556079       66321      300061      172965
         134      542637       64078      301885      186826
         135      529766       61891      302246      201523
         136      517423       59698      301596      216709
         137      505630       57355      299948      232493
         138      494041       55320      297340      248725
         139      482765       53511      293856      265294
         140      472061       51485      289302      282578
         141      461589       49919      283694      300224
         142      451412       48299      277651      318064
         143      441547       46796      271177      335906
         144      432121       45300      264339      353666
         145      422888       44008      257218      371312
         146      414038       42444      249932      389012
         147      405272       41146      242561      406447
         148      396901       39889      234985      423651
         149      388818       38698      227427      440483
         150      380865       37607      219822      457132
         151      373219       36530      212564      473113
         152      365662       35437      205763      488564
         153      358572       34294      198777      503783
         154      351695       33217      192118      518396
         155      345167       31841      186018      532400
         156      338876       30571      179918      546061
         157      332942       29257      173931      559296
         158      327162       28007      168347      571910
         159      321598       26814      163156      583858
         160      316289       25713      157902      595522
         161      311317       24661      152398      607050
         162      306492       23584      147319      618031
         163      301953       22448      142385      628640
         164      297485       21453      137581      638907
         165      293401       20417      132744      648864
         166      289457       19460      127962      658547
         167      285621       18630      123228      667947
         168      281968       17764      118665      677029
         169      278442       17062      114213      685709
         170      275132       16313      109549      694432
         171      271859       15689      105292      702586
         172      268632       15157      101113      710524
         173      265582       14587       96788      718469
         174      262486       14312       92704      725924
         175      259437       14063       88660      733266
         176      256398       13863       84846      740319
         177      253332       13845       81217      747032
         178      250319       13783       77877      753447
         179      247317       13662       74949      759498
         180      244225       13721       72046      765434
         181      241044       13819       69547      771016
         182      237839       13977       67171      776439
         183      234392       14388       65063      781583
         184      231029       14750       63118      786529
         185      227587       15058       61590      791191
         186      224045       15420       60252      795709
         187      220553       15506       59403      799964
         188      216892       15842       58634      804058
         189      213300       16012       58254      807860
         190      209507       16236       58014      811669
         191      205727       16605       57890      815204
         192      201945       16768       58124      818589
         193      198125       17006       58364      821931
         194      194362       16962       58946      825156
         195      190616       16953       59593      828264
         196      186969       16898       60177      831382
         197      183282       16744       60969      834431
         198      179713       16514       61698      837501
         199      176282       16177       62409      840558
         200      172938       15860       63051      843577
         201      169835       15312       63628      846651
         202      166700       14813       64245      849668
         203      163819       14197       64632      852778
         204      161211       13389       64886      855940
         205      158726       12699       64718      859283
         206      156376       11847       64471      862732
         207      154175       11044       64062      866145
         208      152111       10389       63305      869621
         209      150224        9757       62357      873088
         210      148521        9046       61229      876630
         211      146971        8335       59813      880307
         212      145654        7487       58181      884104
         213      144477        6708       56354      887887
         214      143382        5995       54466      891583
         215      142373        5351       52239      895463
         216      141514        4763       49984      899165
         217      140736        4368       47326      902996
         218      140051        3843       44905      906627
         219      139458        3431       42181      910356
         220      138912        3045       39577      913892
         221      138427        2698       36853      917448
         222      138060        2340       34213      920813
         223      137698        2066       31639      924023
         224      137422        1784       29112      927108
         225      137164        1503       26536      930223
         226      136933        1322       24262      932909
         227      136739        1126       22061      935500
         228      136568         991       19976      937891
         229      136406         890       17961      940169
         230      136267         772       16099      942288
         231      136161         667       14378      944220
         232      136045         615       12684      946082
         233      135952         537       11234      947703
         234      135887         451        9947      949141
         235      135834         379        8862      950351
         236      135775         338        7804      951509
         237      135732         268        6854      952572
         238      135690         239        6003      953494
         239      135651         208        5291      954276
         240      135632         168        4598      955028
         241      135613         139        3999      955675
         242      135586         124        3441      956275
         243      135570          96        3003      956757
         244      135558          80        2620      957168
         245      135539          84        2249      957554
         246      135526          73        1962      957865
         247      135517          61        1715      958133
         248      135510          53        1477      958386
         249      135503          47        1282      958594
         250      135495          38        1125      958768
         251      135487          35         969      958935
         252      135483          31         836      959076
         253      135481          24         711      959210
         254      135474          25         611      959316
         255      135469          23         507      959427
         256      135467          17         436      959506
         257      135464          18         379      959565
         258      135464          15         327      959620
         259      135463          12         281      959670
         260      135461           7         235      959723
         261      135461           3         206      959756
         262      135459           5         176      959786
         263      135458           5         166      959797
         264      135457           6         135      959828
         265      135457           4         118      959847
         266      135457           3         105      959861
         267      135456           3          88      959879
         268      135455           2          75      959894
         269      135455           2          62      959907
         270      135454           3          54      959915
         271      135454           3          48      959921
         272      135453           2          46      959925
         273      135453           2          32      959939
         274      135453           1          29      959943
         275      135453           1          28      959944
         276      135453           1          23      959949
         277      135453           0          17      959956
         278      135453           0          16      959957
         279      135453           0          11      959962
         280      135453           0          11      959962
         281      135453           0          10      959963
         282      135453           0           9      959964
         283      135453           0           8      959965
         284      135453           0           6      959967
         285      135453           0           6      959967
         286      135453           0           4      959969
         287      135453           0           4      959969
         288      135452           1           4      959969
         289      135452           1           4      959969
         290      135452           1           3      959970
         291      135450           3           2      959971
         292      135450           3           2      959971
         293      135450           2           2      959972
         294      135450           2           2      959972
         295      135450           1           2      959973
         296      135450           0           3      959973
         297      135450           0           3      959973
         298      135450           0           3      959973
         299      135450           0           3      959973
         300      135450           0           3      959973
         301      135450           0           3      959973
         302      135450           0           3      959973
         303      135450           0           3      959973
         304      135450           0           3      959973
         305      135450           0           3      959973
         306      135450           0           3      959973
         307      135450           0           3      959973
         308      135450           0           3      959973
         309      135450           0           3      959973
         310      135450           0           3      959973
         311      135450           0           2      959974
         312      135450           0           2      959974
         313      135450           0           1      959975
         314      135450           0           0      959976
           1     1095425           1           0           0
           2     1095425           1           0           0
           3     1095425           1           0           0
           4     1095425           1           0           0
           5     1095425           0           1           0
           6     1095425           0           1           0
           7     1095424           1           1           0
           8     1095424           1           1           0
           9     1095423           2           1           0
          10     1095422           3           1           0
          11     1095422           3           1           0
          12     1095422           2           2           0
          13     1095421           3           2           0
          14     1095421           2           3           0
          15     1095421           2           3           0
          16     1095421           1           4           0
          17     1095421           1           4           0
          18     1095420           1           5           0
          19     1095418           3           5           0
          20     1095415           6           5           0
          21     1095414           7           5           0
          22     1095412           9           5           0
          23     1095411           7           7           1
          24     1095410           7           8           1
          25     1095408           7          10           1
          26     1095406           8          11           1
          27     1095406           6          13           1
          28     1095400          11          14           1
          29     1095398          11          16           1
          30     1095396          11          17           2
          31     1095392          14          18           2
          32     1095385          18          20           3
          33     1095383          17          22           4
          34     1095380          17          25           4
          35     1095378          15          29           4
          36     1095369          21          31           5
          37     1095360          26          35           5
          38     1095355          26          40           5
          39     1095348          31          42           5
          40     1095341          33          47           5
          41     1095330          35          53           8
          42     1095318          40          59           9
          43     1095309          42          65          10
          44     1095299          43          72          12
          45     1095281          53          77          15
          46     1095265          59          86          16
          47     1095246          67          96          17
          48     1095221          83         103          19
          49     1095204          87         116          19
          50     1095184          87         130          25
          51     1095162          92         145          27
          52     1095135          97         165          29
          53     1095105         110         178          33
          54     1095076         116         197          37
          55     1095033         139         212          42
          56     1094998         152         231          45
          57     1094949         177         252          48
          58     1094893         206         276          51
          59     1094830         219         317          60
          60     1094775         240         345          66
          61     1094711         260         384          71
          62     1094640         278         425          83
          63     1094558         305         472          91
          64     1094446         355         522         103
          65     1094326         418         571         111
          66     1094221         446         637         122
          67     1094074         516         699         137
          68     1093946         567         756         157
          69     1093794         585         881         166
          70     1093614         662         955         195
          71     1093432         713        1066         215
          72     1093198         810        1186         232
          73     1092958         917        1297         254
          74     1092663        1044        1440         279
          75     1092342        1177        1600         307
          76     1091997        1320        1782         327
          77     1091599        1477        1982         368
          78     1091174        1634        2206         412
          79     1090676        1838        2460         452
          80     1090138        2036        2742         510
          81     1089575        2220        3067         564
          82     1088924        2455        3428         619
          83     1088201        2712        3825         688
          84     1087393        3021        4260         752
          85     1086526        3343        4722         835
          86     1085525        3739        5236         926
          87     1084427        4129        5819        1051
          88     1083208        4608        6450        1160
          89     1081903        5076        7157        1290
          90     1080416        5594        8008        1408
          91     1078834        6122        8918        1552
          92     1077026        6775        9902        1723
          93     1075050        7497       10983        1896
          94     1072846        8333       12140        2107
          95     1070431        9218       13424        2353
          96     1067718       10195       14884        2629
          97     1064745       11302       16438        2941
          98     1061476       12467       18242        3241
          99     1057834       13823       20142        3627
         100     1053831       15282       22267        4046
         101     1049593       16647       24660        4526
         102     1044880       18206       27302        5038
         103     1039844       19845       30169        5568
         104     1034119       21718       33413        6176
         105     1027887       23833       36844        6862
         106     1021333       25935       40540        7618
         107     1013850       28474       44623        8479
         108     1005831       31105       49079        9411
         109      997340       33684       53943       10459
         110      988013       36595       59235       11583
         111      977768       39672       65107       12879
         112      967090       42706       71379       14251
         113      955738       45904       77985       15799
         114      943413       49270       85238       17505
         115      930417       52476       93157       19376
         116      916789       55708      101503       21426
         117      902333       59233      110053       23807
         118      887029       62473      119540       26384
         119      871141       65766      129310       29209
         120      854842       68766      139552       32266
         121      837815       71689      150133       35789
         122      820534       74095      161138       39659
         123      802797       76308      172630       43691
         124      784714       78204      184362       48146
         125      766503       79711      196166       53046
         126      748068       81167      207781       58410
         127      729581       82129      219263       64453
         128      711513       82297      230885       70731
         129      693610       81961      241993       77862
         130      675737       81476      252624       85589
         131      658163       80693      262786       93784
         132      641101       79601      272028      102696
         133      624540       77956      280365      112565
         134      608480       76039      287972      122935
         135      593058       73766      294724      133878
         136      578374       71306      299991      145755
         137      563905       69030      304029      158462
         138      549836       66701      306932      171957
         139      536596       64288      308621      185921
         140      523632       62042      309023      200729
         141      511280       59784      307950      216412
         142      499268       57535      306181      232442
         143      487607       55494      303297      249028
         144      476324       53727      299098      266277
         145      465534       52000      294076      283816
         146      454968       50336      288384      301738
         147      444636       48881      282141      319768
         148      434681       47153      275373      338219
         149      424949       45939      268053      356485
         150      415420       44771      260450      374785
         151      406093       43649      252889      392795
         152      397262       42411      244985      410768
         153      388722       41183      236884      428637
         154      380257       39939      229416      445814
         155      371901       38841      222109      462575
         156      363882       37795      214700      479049
         157      356091       36902      207685      494748
         158      348460       35970      201249      509747
         159      341008       35003      195049      524366
         160      333855       34066      188880      538625
         161      327056       32860      183203      552307
         162      320392       31889      177820      565325
         163      313971       30754      172751      577950
         164      307720       29739      167784      590183
         165      301670       28754      162965      602037
         166      295919       27693      158335      613479
         167      290260       26951      153711      624504
         168      284755       26146      149321      635204
         169      279412       25337      145087      645590
         170      274224       24601      140796      655805
         171      269224       23826      136780      665596
         172      264377       23095      132672      675282
         173      259539       22528      128825      684534
         174      254825       21998      124794      693809
         175      250181       21572      121259      702414
         176      245653       21242      117626      710905
         177      241133       20807      114179      719307
         178      236872       20341      110689      727524
         179      232577       19918      107531      735400
         180      228327       19565      104359      743175
         181      224152       19331      101243      750700
         182      220017       18990       98381      758038
         183      215912       18812       95727      764975
         184      211847       18570       93273      771736
         185      207840       18446       90905      778235
         186      203935       18101       88829      784561
         187      199918       17984       86770      790754
         188      196194       17693       84920      796619
         189      192456       17405       83259      802306
         190      188842       17025       81648      807911
         191      185314       16597       80203      813312
         192      181895       16097       78825      818609
         193      178464       15820       77424      823718
         194      175295       15337       76216      828578
         195      172256       14837       74814      833519
         196      169460       14152       73512      838302
         197      166693       13426       72325      842982
         198      164084       12776       71032      847534
         199      161621       12147       69668      851990
         200      159251       11568       68189      856418
         201      157051       11017       66726      860632
         202      155028       10422       65031      864945
         203      153165        9762       63300      869199
         204      151422        9002       61639      873363
         205      149858        8299       59798      877471
         206      148386        7637       57855      881548
         207      147058        7012       55735      885621
         208      145841        6491       53506      889588
         209      144737        5907       51281      893501
         210      143772        5352       48856      897446
         211      142853        4850       46588      901135
         212      142062        4366       44222      904776
         213      141311        3998       41719      908398
         214      140664        3607       39345      911810
         215      140128        3165       36896      915237
         216      139627        2845       34410      918544
         217      139159        2537       32067      921663
         218      138757        2234       29845      924590
         219      138426        2002       27620      927378
         220      138104        1798       25498      930026
         221      137827        1563       23487      932549
         222      137573        1400       21445      935008
         223      137365        1227       19586      937248
         224      137180        1095       17746      939405
         225      137010         957       16110      941349
         226      136854         855       14577      943140
         227      136709         757       13226      944734
         228      136597         672       11806      946351
         229      136507         588       10622      947709
         230      136426         513        9529      948958
         231      136366         425        8542      950093
         232      136300         364        7603      951159
         233      136258         296        6745      952127
         234      136207         258        6007      952954
         235      136166         226        5297      953737
         236      136136         189        4652      954449
         237      136108         169        4136      955013
         238      136087         138        3662      955539
         239      136065         115        3210      956036
         240      136042         107        2799      956478
         241      136019         103        2461      956843
         242      136003          93        2156      957174
         243      135991          82        1894      957459
         244      135980          75        1655      957716
         245      135972          61        1440      957953
         246      135965          48        1272      958141
         247      135957          40        1109      958320
         248      135949          36         942      958499
         249      135946          29         803      958648
         250      135943          26         691      958766
         251      135941          17         602      958866
         252      135935          16         513      958962
         253      135932          16         446      959032
         254      135928          15         396      959087
         255      135927          14         334      959151
         256      135927          10         294      959195
         257      135925          10         256      959235
         258      135925           4         224      959273
         259      135925           2         197      959302
         260      135924           3         169      959330
         261      135921           4         149      959352
         262      135919           6         130      959371
         263      135919           6         107      959394
         264      135919           5          89      959413
         265      135918           5          73      959430
         266      135917           4          65      959440
         267      135916           4          57      959449
         268      135914           6          49      959457
         269      135913           5          43      959465
         270      135913           5          34      959474
         271      135912           4          31      959479
         272      135911           4          28      959483
         273      135911           3          27      959485
         274      135910           3          24      959489
         275      135910           2          22      959492
         276      135910           1          18      959497
         277      135910           1          17      959498
         278      135910           1          16      959499
         279      135910           0          15      959501
         280      135910           0          15      959501
         281      135910           0          15      959501
         282      135910           0          14      959502
         283      135910           0          12      959504
         284      135910           0          10      959506
         285      135910           0           9      959507
         286      135910           0           9      959507
         287      135910           0           9      959507
         288      135910           0           8      959508
         289      135910           0           6      959510
         290      135910           0           5      959511
         291      135910           0           3      959513
         292      135910           0           3      959513
         293      135910           0           2      959514
         294      135910           0           1      959515
         295      135910           0           1      959515
         296      135910           0           1      959515
         297      135910           0           0      959516
           1     1095425           1           0           0
           2     1095425           1           0           0
           3     1095425           1           0           0
           4     1095425           1           0           0
           5     1095425           0           1           0
           6     1095425           0           1           0
           7     1095425           0           1           0
           8     1095425           0           1           0
           9     1095425           0           1           0
          10     1095425           0           1           0
          11     1095424           1           1           0
          12     1095423           2           1           0
          13     1095423           2           1           0
          14     1095423           2           1           0
          15     1095423           1           2           0
          16     1095423           0           3           0
          17     1095423           0           3           0
          18     1095421           2           3           0
          19     1095421           2           3           0
          20     1095421           2           3           0
          21     1095420           3           3           0
          22     1095420           1           5           0
          23     1095418           3           4           1
          24     1095417           4           4           1
          25     1095417           4           4           1
          26     1095417           3           5           1
          27     1095417           3           5           1
          28     1095415           2           8           1
          29     1095411           6           8           1
          30     1095409           8           8           1
          31     1095406          11           8           1
          32     1095406          10           9           1
          33     1095403          11          11           1
          34     1095398          12          13           3
          35     1095394          14          15           3
          36     1095391          16          16           3
          37     1095388          16          19           3
          38     1095384          18          21           3
          39     1095376          18          29           3
          40     1095372          20          29           5
          41     1095357          31          33           5
          42     1095351          33          37           5
          43     1095343          36          42           5
          44     1095333          41          46           6
          45     1095328          34          56           8
          46     1095313          39          65           9
          47     1095298          51          68           9
          48     1095283          55          79           9
          49     1095263          70          84           9
          50     1095244          76          97           9
          51     1095228          75         110          13
          52     1095204          88         117          17
          53     1095180          96         133          17
          54     1095146         110         151          19
          55     1095122         117         167          20
          56     1095091         122         187          26
          57     1095051         140         205          30
          58     1095007         153         231          35
          59     1094964         173         253          36
          60     1094913         198         276          39
          61     1094849         220         308          49
          62     1094782         248         343          53
          63     1094701         286         379          60
          64     1094621         321         413          71
          65     1094530         348         467          81
          66     1094434         384         517          91
          67     1094315         430         588          93
          68     1094193         469         658         106
          69     1094047         528         731         120
          70     1093889         590         816         131
          71     1093711         655         909         151
          72     1093534         722        1001         169
          73     1093328         789        1118         191
          74     1093082         887        1246         211
          75     1092819         983        1392         232
          76     1092550        1086        1519         271
          77     1092225        1204        1707         290
          78     1091867        1338        1903         318
          79     1091469        1498        2107         352
          80     1091024        1666        2339         397
          81     1090544        1840        2603         439
          82     1089980        2069        2895         482
          83     1089368        2286        3230         542
          84     1088698        2555        3567         606
          85     1087973        2824        3949         680
          86     1087137        3115        4420         754
          87     1086266        3421        4893         846
          88     1085282        3779        5427         938
          89     1084210        4155        6000        1061
          90     1082958        4582        6713        1173
          91     1081627        5102        7390        1307
          92     1080098        5686        8191        1451
          93     1078414        6318        9073        1621
          94     1076586        6980       10075        1785
          95     1074597        7681       11151        1997
          96     1072307        8539       12349        2231
          97     1069773        9492       13695        2466
          98     1066894       10651       15153        2728
          99     1063839       11726       16828        3033
         100     1060475       12979       18569        3403
         101     1056907       14124       20622        3773
         102     1052915       15436       22893        4182
         103     1048570       16815       25421        4620
         104     1043606       18565       28074        5181
         105     1038289       20388       30998        5751
         106     1032411       22504       34118        6393
         107     1026212       24553       37536        7125
         108     1019444       26575       41549        7858
         109     1012056       28873       45764        8733
         110     1003936       31416       50421        9653
         111      995137       34222       55410       10657
         112      985672       37217       60717       11820
         113      975513       40261       66529       13123
         114      964509       43447       72949       14521
         115      953032       46430       79814       16150
         116      940727       49710       87054       17935
         117      927774       52871       94915       19866
         118      913927       56130      103355       22014
         119      899503       59240      112351       24332
         120      884117       62730      121519       27060
         121      868291       65980      131093       30062
         122      851981       68809      141408       33228
         123      835077       71634      152032       36683
         124      817718       74095      163072       40541
         125      800241       75914      174549       44722
         126      782233       77845      185951       49397
         127      764308       79357      197312       54449
         128      745960       80598      208823       60045
         129      727545       81499      220349       66033
         130      709222       81960      231660       72584
         131      691163       82025      242565       79673
         132      673489       81541      252976       87420
         133      656023       80720      262748       95935
         134      638993       79497      271937      104999
         135      622401       77751      280418      114856
         136      606296       76019      287635      125476
         137      590674       74174      293987      136591
         138      575529       71962      299378      148557
         139      560967       69698      303590      161171
         140      546730       67577      306479      174640
         141      532880       65658      308165      188723
         142      519530       63457      308964      203475
         143      506590       61713      307892      219231
         144      494193       59548      306393      235292
         145      482248       57489      303817      251872
         146      470930       55222      300372      268902
         147      459904       53073      296090      286359
         148      449308       51025      290925      304168
         149      438875       49384      285016      322151
         150      428742       47835      278590      340259
         151      419128       46392      271195      358711
         152      409725       44894      263719      377088
         153      400642       43448      256081      395255
         154      391965       41788      248499      413174
         155      383366       40601      240802      430657
         156      375283       39186      233086      447871
         157      367533       37687      225449      464757
         158      359987       36319      217987      481133
         159      352749       34831      210956      496890
         160      345776       33553      203790      512307
         161      339220       32151      196878      527177
         162      332975       30700      190197      541554
         163      326873       29467      183446      555640
         164      321022       28258      176869      569277
         165      315327       27204      170446      582449
         166      309899       26247      164208      595072
         167      304671       25225      158233      607297
         168      299777       24152      152663      618834
         169      295154       23035      147285      629952
         170      290637       21998      141939      640852
         171      286219       21098      136716      651393
         172      281962       20255      131543      661666
         173      277881       19585      126547      671413
         174      273901       19007      121471      681047
         175      270003       18428      116778      690217
         176      266230       17881      112204      699111
         177      262597       17266      107720      707843
         178      258905       16930      103440      716151
         179      255191       16742       99495      723998
         180      251520       16549       95595      731762
         181      247859       16526       91952      739089
         182      244115       16609       88532      746170
         183      240444       16639       85351      752992
         184      236721       16674       82696      759335
         185      232915       16721       80294      765496
         186      228948       17034       77984      771460
         187      224946       17283       75932      777265
         188      220972       17610       74099      782745
         189      217049       17793       72434      788150
         190      213036       17859       71385      793146
         191      209024       17997       70453      797952
         192      205040       17995       69874      802517
         193      200885       18159       69365      807017
         194      196970       18065       68957      811434
         195      192987       18028       68846      815565
         196      189066       17929       68905      819526
         197      185318       17573       69066      823469
         198      181579       17416       69122      827309
         199      178108       16892       69401      831025
         200      174660       16377       69643      834746
         201      171301       15851       69895      838379
         202      168062       15323       69978      842063
         203      165002       14922       69775      845727
         204      162287       14044       69619      849476
         205      159653       13299       69320      853154
         206      157225       12426       68953      856822
         207      155007       11556       68256      860607
         208      153008       10662       67197      864559
         209      151185        9820       65920      868501
         210      149388        9079       64497      872462
         211      147808        8267       62923      876428
         212      146453        7557       61015      880401
         213      145251        6832       58960      884383
         214      144083        6161       56829      888353
         215      143054        5513       54296      892563
         216      142160        4965       51858      896443
         217      141321        4525       49114      900466
         218      140608        4053       46335      904430
         219      139973        3599       43614      908240
         220      139392        3229       40861      911944
         221      138911        2835       38171      915509
         222      138481        2504       35394      919047
         223      138108        2182       32725      922411
         224      137761        1917       29995      925753
         225      137451        1726       27335      928914
         226      137197        1518       24950      931761
         227      136963        1327       22634      934502
         228      136764        1167       20550      936945
         229      136574        1026       18506      939320
         230      136438         882       16695      941411
         231      136324         758       14968      943376
         232      136213         644       13424      945145
         233      136120         539       11947      946820
         234      136031         472       10630      948293
         235      135965         417        9474      949570
         236      135888         376        8423      950739
         237      135823         340        7409      951854
         238      135777         298        6527      952824
         239      135734         264        5721      953707
         240      135691         230        5008      954497
         241      135661         184        4449      955132
         242      135636         166        3876      955748
         243      135617         145        3386      956278
         244      135604         104        2972      956746
         245      135587          94        2601      957144
         246      135573          80        2284      957489
         247      135560          63        1991      957812
         248      135547          62        1708      958109
         249      135536          62        1486      958342
         250      135529          47        1280      958570
         251      135521          45        1091      958769
         252      135517          33         961      958915
         253      135511          31         839      959045
         254      135503          29         738      959156
         255      135502          24         639      959261
         256      135495          23         557      959351
         257      135490          23         490      959423
         258      135487          19         419      959501
         259      135485          17         355      959569
         260      135481          18         297      959630
         261      135477          15         264      959670
         262      135474          15         218      959719
         263      135473          13         193      959747
         264      135471          13         172      959770
         265      135469          10         146      959801
         266      135469           6         136      959815
         267      135468           6         125      959827
         268      135465           6         108      959847
         269      135464           7          96      959859
         270      135464           5          84      959873
         271      135464           4          73      959885
         272      135462           4          65      959895
         273      135462           2          62      959900
         274      135462           2          56      959906
         275      135462           2          52      959910
         276      135462           1          42      959921
         277      135462           0          40      959924
         278      135461           1          37      959927
         279      135461           1          30      959934
         280      135461           1          25      959939
         281      135461           1          23      959941
         282      135461           0          24      959941
         283      135461           0          18      959947
         284      135461           0          15      959950
         285      135461           0          12      959953
         286      135460           1          11      959954
         287      135460           1           9      959956
         288      135460           1           9      959956
         289      135460           1           7      959958
         290      135460           0           8      959958
         291      135459           1           5      959961
         292      135459           1           4      959962
         293      135459           1           4      959962
         294      135459           1           2      959964
         295      135459           0           3      959964
         296      135459           0           3      959964
         297      135459           0           3      959964
         298      135459           0           3      959964
         299      135459           0           3      959964
         300      135459           0           2      959965
         301      135459           0           2      959965
         302      135459           0           2      959965
         303      135459           0           2      959965
         304      135459           0           2      959965
         305      135459           0           2      959965
         306      135459           0           2      959965
         307      135459           0           2      959965
         308      135459           0           1      959966
         309      135459           0           1      959966
         310      135459           0           1      959966
         311      135459           0           1      959966
         312      135459           0           1      959966
         313      135459           0           0      959967
