 #time average_recover sd_R average_infected sd_I
          26  0.69999999999999996       0.45825756949558405        110.20000000000000        44.723148368602132     
          27   1.0000000000000000        0.0000000000000000        135.90000000000001        54.805930336050302     
          28   1.0000000000000000        0.0000000000000000        168.50000000000000        66.475935495485899     
          29   1.0000000000000000        0.0000000000000000        210.69999999999999        81.661557663321616     
          30   1.0000000000000000        0.0000000000000000        265.30000000000001        105.96891053511870     
          31   1.0000000000000000        0.0000000000000000        328.30000000000001        127.05042306108226     
          32   1.1000000000000001       0.29999999999999977        404.80000000000001        156.11777605384975     
          33   1.8000000000000000        1.2489995996796794        501.10000000000002        195.13813056396731     
          34   2.2999999999999998        1.1000000000000003        617.29999999999995        238.61058233028993     
          35   3.3999999999999999        1.5620499351813313        765.60000000000002        293.49350929790603     
          36   3.7999999999999998        1.9390719429665315        959.50000000000000        367.52775405403048     
          37   4.9000000000000004        1.5779733838059484        1193.2000000000000        455.55478265517053     
          38   5.7999999999999998        1.8330302779823358        1487.7000000000000        565.72732831285441     
          39   7.0999999999999996        2.1656407827707724        1838.4000000000001        704.27951837320927     
          40   9.1999999999999993        3.6000000000000010        2278.8000000000002        874.51824452094718     
          41   12.000000000000000        4.4497190922573990        2822.3000000000002        1087.0928249234280     
          42   14.500000000000000        5.9203040462462750        3486.4000000000001        1345.8985251496488     
          43   17.699999999999999        7.4303431953039718        4319.1999999999998        1663.8015987490821     
          44   22.800000000000001        9.2498648638777397        5361.8999999999996        2057.3661049993029     
          45   27.399999999999999        10.956276739841874        6650.8000000000002        2531.9088372214351     
          46   34.000000000000000        13.461054936371074        8230.2000000000007        3131.3739093247850     
          47   43.200000000000003        17.730200224475741        10199.400000000000        3850.0604203051143     
          48   53.399999999999999        21.606480509328680        12599.200000000001        4786.9157878533842     
          49   67.799999999999997        27.095387061269317        15556.500000000000        5905.0343987143715     
          50   83.900000000000006        33.685159937278002        19177.000000000000        7247.7319486857386     
          51   101.90000000000001        41.757514293836969        23660.900000000001        8899.6573692474230     
          52   125.00000000000000        50.596442562694072        29103.700000000001        10819.012339858014     
          53   151.80000000000001        57.780273450373997        35771.400000000001        13191.145008679112     
          54   189.30000000000001        71.015561674889199        43903.099999999999        16046.977007835461     
          55   238.50000000000000        92.927121982766678        53638.199999999997        19395.904293432675     
          56   296.60000000000002        115.59342541857639        65291.000000000000        23255.542281357368     
          57   367.00000000000000        141.65168548238321        79231.699999999997        27772.724025741521     
          58   456.19999999999999        177.72776935526986        95654.600000000006        32773.013365267449     
          59   559.60000000000002        219.26796391630023        114768.60000000001        38267.197454739209     
          60   690.39999999999998        263.91559256701754        136835.20000000001        44169.084801023397     
          61   866.70000000000005        333.96797750682606        162049.00000000000        50174.585124343597     
          62   1080.4000000000001        408.65369201807027        189954.50000000000        56207.811334813625     
          63   1347.8000000000000        512.03921724805434        220404.89999999999        61669.217211587871     
          64   1664.9000000000001        628.85363161867781        253011.20000000001        66216.179517999975     
          65   2066.5000000000000        790.57754205390859        286991.20000000001        69462.588500285565     
          66   2561.1999999999998        980.88743492818799        322974.40000000002        71527.684692292300     
          67   3157.0999999999999        1222.5174395484100        358657.79999999999        71673.231086368643     
          68   3910.0999999999999        1509.0197116008790        393130.40000000002        69904.595410030102     
          69   4853.1999999999998        1862.2475023476341        425564.79999999999        66488.331774530438     
          70   6020.3000000000002        2288.5473580417770        455394.40000000002        61800.047391891087     
          71   7454.6000000000004        2840.7376225198968        482336.40000000002        56221.918117758716     
          72   9237.8999999999996        3488.9714372576909        506462.70000000001        50308.090725150796     
          73   11424.600000000000        4331.8454543069720        528265.00000000000        44722.667890008663     
          74   14105.400000000000        5343.8459970324739        547953.19999999995        39599.249393897087     
          75   17403.400000000001        6590.2810896045939        565603.69999999995        35025.239559638743     
          76   21467.700000000001        8112.4255565151389        581322.09999999998        31071.134283929874     
          77   26434.400000000001        9881.4277328734152        595225.09999999998        27547.955453900086     
          78   32512.599999999999        12031.479727780792        607365.80000000005        24136.604043650150     
          79   39936.300000000003        14644.550208524661        617671.59999999998        20706.889057509397     
          80   48886.900000000001        17765.472982445470        626044.90000000002        17360.355396419458     
          81   59617.800000000003        21407.557608470888        632366.09999999998        14176.137996296849     
          82   72488.199999999997        25626.219158510306        636082.90000000002        11786.274419422849     
          83   87728.699999999997        30359.601064737337        636989.50000000000        11342.112406865645     
          84   105546.60000000001        35648.749151127296        634692.19999999995        13864.122581686226     
          85   126250.39999999999        41382.065888981466        628787.30000000005        18643.463948793120     
          86   150064.00000000000        47426.726239537122        618975.69999999995        24769.867448375560     
          87   176712.70000000001        53558.647161872876        605504.40000000002        31477.195774718653     
          88   206150.89999999999        59286.474063566973        588429.80000000005        38249.654722101550     
          89   237945.00000000000        64429.752954671516        568084.69999999995        44505.563926435469     
          90   271589.50000000000        68506.419103978842        545026.40000000002        49918.776950562300     
          91   307152.90000000002        71359.307933092990        519273.70000000001        54192.296895499800     
          92   343388.40000000002        72621.522129737728        492144.50000000000        56989.857338389716     
          93   379135.29999999999        72027.286393491129        464841.79999999999        57954.588465107779     
          94   413395.40000000002        69754.029425116212        438471.09999999998        57242.986851578615     
          95   445571.50000000000        66095.433027176608        413843.00000000000        55071.848222118038     
          96   475288.70000000001        61474.219596591953        391392.20000000001        51839.070297990642     
          97   502441.79999999999        56240.951239821821        371284.40000000002        47842.420631067536     
          98   527536.80000000005        51329.617235665573        353189.09999999998        43902.485481917996     
          99   550883.59999999998        46852.915858461398        336796.90000000002        40176.288567885174     
         100   572625.59999999998        43108.351131074247        322021.70000000001        36957.159255142862     
         101   593048.40000000002        40180.805442897457        308574.20000000001        34362.952800363193     
         102   612513.69999999995        37933.817437875063        296156.20000000001        32347.728865563258     
         103   631074.59999999998        36208.919437619603        284654.29999999999        30714.027971108033     
         104   649067.30000000005        34849.637091510340        273704.79999999999        29368.540664459473     
         105   666609.09999999998        33750.241772319241        263218.40000000002        28301.632056119895     
         106   683775.00000000000        32838.162049663923        253128.70000000001        27444.625277274248     
         107   700553.80000000005        31949.365060356813        243359.20000000001        26680.473548271111     
         108   716923.69999999995        31055.389123468514        233859.50000000000        25952.519793846637     
         109   732744.50000000000        30031.908348454777        224587.70000000001        25208.261522960969     
         110   747869.19999999995        28959.130970387538        215659.39999999999        24521.480286475417     
         111   762234.69999999995        27731.006970717550        206915.20000000001        23727.919288466794     
         112   775776.80000000005        26380.755970213144        198326.29999999999        22887.703961079369     
         113   788525.90000000002        24834.591510431379        189776.70000000001        21907.423673494664     
         114   800459.80000000005        23186.035197073088        181192.39999999999        20830.505818150534     
         115   811402.50000000000        21425.993929103395        172858.10000000001        19618.735909583946     
         116   821590.00000000000        19567.233703312504        164620.29999999999        18234.381300444598     
         117   831043.00000000000        17682.876061321269        156524.70000000001        16725.902935566573     
         118   839782.30000000005        15848.745111521775        148684.79999999999        15187.137135089168     
         119   847968.69999999995        14113.434125331034        141076.20000000001        13660.071601569152     
         120   855668.19999999995        12532.286709142760        133737.50000000000        12228.545099479332     
         121   863097.09999999998        11185.549494330277        126534.39999999999        10995.745633653087     
         122   870217.80000000005        10168.162644250755        119548.00000000000        10055.673801391948     
         123   877265.40000000002        9484.5260735561169        112579.00000000000        9423.2565390102391     
         124   884225.69999999995        9120.0660858436895        105659.70000000000        9086.9275230959920     
         125   891190.30000000005        9005.7828538076865        98716.899999999994        8985.7505913529858     
         126   898161.59999999998        9030.1512744825632        91756.800000000003        9019.9659955012830     
         127   905202.00000000000        9098.0495162424795        84722.199999999997        9092.7831470898182     
         128   912229.30000000005        9169.7637924805731        77697.500000000000        9167.4304169707120     
         129   919289.90000000002        9286.3536487668734        70638.500000000000        9285.5475363599417     
         130   926340.80000000005        9380.2455703376381        63588.599999999999        9380.3637690656778     
         131   933432.50000000000        9421.4234938264199        56497.000000000000        9421.6278742051891     
         132   940473.19999999995        9406.2023665283214        49456.300000000003        9406.4044145464923     
         133   947404.30000000005        9288.1141255847888        42525.400000000001        9288.3888075381437     
         134   954105.59999999998        9060.9535061197330        35824.199999999997        9061.2101597965484     
         135   960475.00000000000        8654.2896646677818        29454.799999999999        8654.5407942882794     
         136   966373.50000000000        8056.9079335655297        23556.299999999999        8057.1534433694396     
         137   971657.69999999995        7222.5411463076780        18272.099999999999        7222.7783497764922     
         138   976231.90000000002        6212.9399232561582        13697.900000000000        6213.1689249528699     
         139   979981.69999999995        5134.8574284062252        9948.1000000000004        5135.0792681320891     
         140   982965.19999999995        4029.0413946816921        6964.6000000000004        4029.2570580691422     
         141   985250.50000000000        3041.7365517085796        4679.3000000000002        3041.9447743179030     
         142   986887.00000000000        2188.0364256621538        3042.8000000000002        2188.2376379177831     
         143   988017.90000000002        1504.9076682527138        1911.9000000000001        1505.1010896282016     
         144   988745.59999999998        1015.1196185503560        1184.2000000000000        1015.3068304704741     
         145   989220.40000000002        654.82382362757266        709.39999999999998        655.00369464606831     
         146   989521.40000000002        401.25757300339905        408.39999999999998        401.43074122443591     
         147   989696.19999999995        234.69759283598930        233.59999999999999        234.86983629236005     
         148   989803.90000000002        128.82814110824643        125.90000000000001        129.00034883673766     
         149   989863.80000000005        70.414202488627069        66.000000000000000        70.577616848403153     
         150   989896.09999999998        37.063325046149899        33.700000000000003        37.223782720191132     
         151   989913.59999999998        18.461854941760997        16.199999999999999        18.616122045152153     
         152   989921.50000000000        9.7288244106912778        8.3000000000000007        9.8797773254259127     
         153   989925.40000000002        4.7370815283516077        4.4000000000000004        4.8826222462934812     
         154   989927.80000000005        1.8867794050809172        2.0000000000000000        2.0493901531919194     
         155   989928.90000000002       0.69990582513828248       0.90000000000000002       0.83066238629180744     
         156   989929.40000000002       0.66337280360480566       0.40000000000000002       0.66332495807107994     
         157   989929.50000000000       0.67078399792705257       0.29999999999999999       0.64031242374328490     
         158   989929.59999999998       0.66337280360480566       0.20000000000000001       0.59999999999999998     
         159   989929.80000000005       0.39989012162717896        0.0000000000000000        0.0000000000000000     
         160   989929.80000000005       0.39989012162717896        0.0000000000000000        0.0000000000000000     
         161   989929.80000000005       0.39989012162717896        0.0000000000000000        0.0000000000000000     
         162   989929.80000000005       0.39989012162717896        0.0000000000000000        0.0000000000000000     
         163   989929.80000000005       0.39989012162717896        0.0000000000000000        0.0000000000000000     
         164   989929.80000000005       0.39989012162717896        0.0000000000000000        0.0000000000000000     
         165   989929.80000000005       0.39989012162717896        0.0000000000000000        0.0000000000000000     
         166   989929.80000000005       0.39989012162717896        0.0000000000000000        0.0000000000000000     
         167   989929.80000000005       0.39989012162717896        0.0000000000000000        0.0000000000000000     
         168   989929.80000000005       0.39989012162717896        0.0000000000000000        0.0000000000000000     
         169   989929.80000000005       0.39989012162717896        0.0000000000000000        0.0000000000000000     
         170   989929.80000000005       0.39989012162717896        0.0000000000000000        0.0000000000000000     
         171   989929.80000000005       0.39989012162717896        0.0000000000000000        0.0000000000000000     
         172   989929.80000000005       0.39989012162717896        0.0000000000000000        0.0000000000000000     
         173   989929.80000000005       0.39989012162717896        0.0000000000000000        0.0000000000000000     
         174   989929.80000000005       0.39989012162717896        0.0000000000000000        0.0000000000000000     
         175   989929.80000000005       0.39989012162717896        0.0000000000000000        0.0000000000000000     
         176   989929.80000000005       0.39989012162717896        0.0000000000000000        0.0000000000000000     
         177   989929.80000000005       0.39989012162717896        0.0000000000000000        0.0000000000000000     
         178   989929.80000000005       0.39989012162717896        0.0000000000000000        0.0000000000000000     
         179   989929.80000000005       0.39989012162717896        0.0000000000000000        0.0000000000000000     
         180   989929.80000000005       0.39989012162717896        0.0000000000000000        0.0000000000000000     
         181   989929.80000000005       0.39989012162717896        0.0000000000000000        0.0000000000000000     
         182   989929.80000000005       0.39989012162717896        0.0000000000000000        0.0000000000000000     
         183   989929.80000000005       0.39989012162717896        0.0000000000000000        0.0000000000000000     
         184   989929.80000000005       0.39989012162717896        0.0000000000000000        0.0000000000000000     
         185   989929.80000000005       0.39989012162717896        0.0000000000000000        0.0000000000000000     
         186   989929.80000000005       0.39989012162717896        0.0000000000000000        0.0000000000000000     
         187   989929.80000000005       0.39989012162717896        0.0000000000000000        0.0000000000000000     
         188   989929.80000000005       0.39989012162717896        0.0000000000000000        0.0000000000000000     
         189   989929.80000000005       0.39989012162717896        0.0000000000000000        0.0000000000000000     
         190   989929.80000000005       0.39989012162717896        0.0000000000000000        0.0000000000000000     
         191   989929.80000000005       0.39989012162717896        0.0000000000000000        0.0000000000000000     
         192   989929.80000000005       0.39989012162717896        0.0000000000000000        0.0000000000000000     
         193   989929.80000000005       0.39989012162717896        0.0000000000000000        0.0000000000000000     
         194   989929.80000000005       0.39989012162717896        0.0000000000000000        0.0000000000000000     
         195   989929.80000000005       0.39989012162717896        0.0000000000000000        0.0000000000000000     
         196   989929.80000000005       0.39989012162717896        0.0000000000000000        0.0000000000000000     
         197   989929.80000000005       0.39989012162717896        0.0000000000000000        0.0000000000000000     
         198   989929.80000000005       0.39989012162717896        0.0000000000000000        0.0000000000000000     
         199   989929.80000000005       0.39989012162717896        0.0000000000000000        0.0000000000000000     
         200   989929.80000000005       0.39989012162717896        0.0000000000000000        0.0000000000000000     
         201   989929.80000000005       0.39989012162717896        0.0000000000000000        0.0000000000000000     
         202   989929.80000000005       0.39989012162717896        0.0000000000000000        0.0000000000000000     
         203   989929.80000000005       0.39989012162717896        0.0000000000000000        0.0000000000000000     
         204   989929.80000000005       0.39989012162717896        0.0000000000000000        0.0000000000000000     
         205   989929.80000000005       0.39989012162717896        0.0000000000000000        0.0000000000000000     
         206   989929.80000000005       0.39989012162717896        0.0000000000000000        0.0000000000000000     
         207   989929.80000000005       0.39989012162717896        0.0000000000000000        0.0000000000000000     
         208   989929.80000000005       0.39989012162717896        0.0000000000000000        0.0000000000000000     
         209   989929.80000000005       0.39989012162717896        0.0000000000000000        0.0000000000000000     
         210   989929.80000000005       0.39989012162717896        0.0000000000000000        0.0000000000000000     
         211   989929.80000000005       0.39989012162717896        0.0000000000000000        0.0000000000000000     
         212   989929.80000000005       0.39989012162717896        0.0000000000000000        0.0000000000000000     
         213   989929.80000000005       0.39989012162717896        0.0000000000000000        0.0000000000000000     
         214   989929.80000000005       0.39989012162717896        0.0000000000000000        0.0000000000000000     
         215   989929.80000000005       0.39989012162717896        0.0000000000000000        0.0000000000000000     
         216   989929.80000000005       0.39989012162717896        0.0000000000000000        0.0000000000000000     
         217   989929.80000000005       0.39989012162717896        0.0000000000000000        0.0000000000000000     
         218   989929.80000000005       0.39989012162717896        0.0000000000000000        0.0000000000000000     
         219   989929.80000000005       0.39989012162717896        0.0000000000000000        0.0000000000000000     
         220   989929.80000000005       0.39989012162717896        0.0000000000000000        0.0000000000000000     
         221   989929.80000000005       0.39989012162717896        0.0000000000000000        0.0000000000000000     
         222   989929.80000000005       0.39989012162717896        0.0000000000000000        0.0000000000000000     
         223   989929.80000000005       0.39989012162717896        0.0000000000000000        0.0000000000000000     
         224   989929.80000000005       0.39989012162717896        0.0000000000000000        0.0000000000000000     
         225   989929.80000000005       0.39989012162717896        0.0000000000000000        0.0000000000000000     
         226   989929.80000000005       0.39989012162717896        0.0000000000000000        0.0000000000000000     
         227   989929.80000000005       0.39989012162717896        0.0000000000000000        0.0000000000000000     
         228   989929.80000000005       0.39989012162717896        0.0000000000000000        0.0000000000000000     
         229   989929.80000000005       0.39989012162717896        0.0000000000000000        0.0000000000000000     
         230   989929.80000000005       0.39989012162717896        0.0000000000000000        0.0000000000000000     
         231   989929.80000000005       0.39989012162717896        0.0000000000000000        0.0000000000000000     
         232   989929.80000000005       0.39989012162717896        0.0000000000000000        0.0000000000000000     
         233   989929.80000000005       0.39989012162717896        0.0000000000000000        0.0000000000000000     
         234   989929.80000000005       0.39989012162717896        0.0000000000000000        0.0000000000000000     
         235   989929.80000000005       0.39989012162717896        0.0000000000000000        0.0000000000000000     
         236   989929.80000000005       0.39989012162717896        0.0000000000000000        0.0000000000000000     
         237   989929.80000000005       0.39989012162717896        0.0000000000000000        0.0000000000000000     
         238   989929.80000000005       0.39989012162717896        0.0000000000000000        0.0000000000000000     
         239   989929.80000000005       0.39989012162717896        0.0000000000000000        0.0000000000000000     
         240   989929.80000000005       0.39989012162717896        0.0000000000000000        0.0000000000000000     
         241   989929.80000000005       0.39989012162717896        0.0000000000000000        0.0000000000000000     
         242   989929.80000000005       0.39989012162717896        0.0000000000000000        0.0000000000000000     
         243   989929.80000000005       0.39989012162717896        0.0000000000000000        0.0000000000000000     
         244   989929.80000000005       0.39989012162717896        0.0000000000000000        0.0000000000000000     
         245   989929.80000000005       0.39989012162717896        0.0000000000000000        0.0000000000000000     
         246   989929.80000000005       0.39989012162717896        0.0000000000000000        0.0000000000000000     
         247   989929.80000000005       0.39989012162717896        0.0000000000000000        0.0000000000000000     
         248   989929.80000000005       0.39989012162717896        0.0000000000000000        0.0000000000000000     
         249   989929.80000000005       0.39989012162717896        0.0000000000000000        0.0000000000000000     
         250   989929.80000000005       0.39989012162717896        0.0000000000000000        0.0000000000000000     
         251   989929.80000000005       0.39989012162717896        0.0000000000000000        0.0000000000000000     
         252   989929.80000000005       0.39989012162717896        0.0000000000000000        0.0000000000000000     
         253   989929.80000000005       0.39989012162717896        0.0000000000000000        0.0000000000000000     
         254   989929.80000000005       0.39989012162717896        0.0000000000000000        0.0000000000000000     
         255   989929.80000000005       0.39989012162717896        0.0000000000000000        0.0000000000000000     
         256   989929.80000000005       0.39989012162717896        0.0000000000000000        0.0000000000000000     
         257   989929.80000000005       0.39989012162717896        0.0000000000000000        0.0000000000000000     
         258   989929.80000000005       0.39989012162717896        0.0000000000000000        0.0000000000000000     
         259   989929.80000000005       0.39989012162717896        0.0000000000000000        0.0000000000000000     
         260   989929.80000000005       0.39989012162717896        0.0000000000000000        0.0000000000000000     
         261   989929.80000000005       0.39989012162717896        0.0000000000000000        0.0000000000000000     
         262   989929.80000000005       0.39989012162717896        0.0000000000000000        0.0000000000000000     
         263   989929.80000000005       0.39989012162717896        0.0000000000000000        0.0000000000000000     
         264   989929.80000000005       0.39989012162717896        0.0000000000000000        0.0000000000000000     
         265   989929.80000000005       0.39989012162717896        0.0000000000000000        0.0000000000000000     
         266   989929.80000000005       0.39989012162717896        0.0000000000000000        0.0000000000000000     
         267   989929.80000000005       0.39989012162717896        0.0000000000000000        0.0000000000000000     
         268   989929.80000000005       0.39989012162717896        0.0000000000000000        0.0000000000000000     
         269   989929.80000000005       0.39989012162717896        0.0000000000000000        0.0000000000000000     
         270   989929.80000000005       0.39989012162717896        0.0000000000000000        0.0000000000000000     
         271   989929.80000000005       0.39989012162717896        0.0000000000000000        0.0000000000000000     
         272   989929.80000000005       0.39989012162717896        0.0000000000000000        0.0000000000000000     
         273   989929.80000000005       0.39989012162717896        0.0000000000000000        0.0000000000000000     
         274   989929.80000000005       0.39989012162717896        0.0000000000000000        0.0000000000000000     
         275   989929.80000000005       0.39989012162717896        0.0000000000000000        0.0000000000000000     
         276   989929.80000000005       0.39989012162717896        0.0000000000000000        0.0000000000000000     
         277   989929.80000000005       0.39989012162717896        0.0000000000000000        0.0000000000000000     
         278   989929.80000000005       0.39989012162717896        0.0000000000000000        0.0000000000000000     
         279   989929.80000000005       0.39989012162717896        0.0000000000000000        0.0000000000000000     
         280   989929.80000000005       0.39989012162717896        0.0000000000000000        0.0000000000000000     
         281   989929.80000000005       0.39989012162717896        0.0000000000000000        0.0000000000000000     
         282   989929.80000000005       0.39989012162717896        0.0000000000000000        0.0000000000000000     
         283   989929.80000000005       0.39989012162717896        0.0000000000000000        0.0000000000000000     
         284   989929.80000000005       0.39989012162717896        0.0000000000000000        0.0000000000000000     
         285   989929.80000000005       0.39989012162717896        0.0000000000000000        0.0000000000000000     
         286   989929.80000000005       0.39989012162717896        0.0000000000000000        0.0000000000000000     
         287   989929.80000000005       0.39989012162717896        0.0000000000000000        0.0000000000000000     
         288   989929.80000000005       0.39989012162717896        0.0000000000000000        0.0000000000000000     
         289   989929.80000000005       0.39989012162717896        0.0000000000000000        0.0000000000000000     
         290   989929.80000000005       0.39989012162717896        0.0000000000000000        0.0000000000000000     
         291   989929.80000000005       0.39989012162717896        0.0000000000000000        0.0000000000000000     
         292   989929.80000000005       0.39989012162717896        0.0000000000000000        0.0000000000000000     
         293   989929.80000000005       0.39989012162717896        0.0000000000000000        0.0000000000000000     
         294   989929.80000000005       0.39989012162717896        0.0000000000000000        0.0000000000000000     
         295   989929.80000000005       0.39989012162717896        0.0000000000000000        0.0000000000000000     
         296   989929.80000000005       0.39989012162717896        0.0000000000000000        0.0000000000000000     
         297   989929.80000000005       0.39989012162717896        0.0000000000000000        0.0000000000000000     
         298   989929.80000000005       0.39989012162717896        0.0000000000000000        0.0000000000000000     
         299   989929.80000000005       0.39989012162717896        0.0000000000000000        0.0000000000000000     
         300   989929.80000000005       0.39989012162717896        0.0000000000000000        0.0000000000000000     
