 #time susceptible exposed infected recover
           1     1095425           1           0           0
           2     1095425           1           0           0
           3     1095425           1           0           0
           4     1095425           1           0           0
           5     1095425           1           0           0
           6     1095425           1           0           0
           7     1095425           0           1           0
           8     1095425           0           1           0
           9     1095425           0           1           0
          10     1095425           0           1           0
          11     1095424           1           1           0
          12     1095424           1           1           0
          13     1095424           1           1           0
          14     1095423           2           1           0
          15     1095423           2           1           0
          16     1095422           3           1           0
          17     1095422           2           2           0
          18     1095422           2           2           0
          19     1095421           3           2           0
          20     1095420           3           2           1
          21     1095420           3           2           1
          22     1095420           3           2           1
          23     1095420           2           3           1
          24     1095418           4           3           1
          25     1095416           5           4           1
          26     1095413           7           5           1
          27     1095410          10           5           1
          28     1095410          10           5           1
          29     1095409          11           5           1
          30     1095408          11           5           2
          31     1095406          11           7           2
          32     1095406           9           9           2
          33     1095403           8          12           3
          34     1095400          10          13           3
          35     1095399          10          14           3
          36     1095396          12          14           4
          37     1095393          13          16           4
          38     1095391          15          16           4
          39     1095386          20          14           6
          40     1095379          23          18           6
          41     1095375          24          21           6
          42     1095373          24          23           6
          43     1095364          30          25           7
          44     1095359          33          25           9
          45     1095354          33          27          12
          46     1095351          29          30          16
          47     1095348          32          30          16
          48     1095346          29          34          17
          49     1095340          30          38          18
          50     1095332          29          47          18
          51     1095327          30          50          19
          52     1095310          44          50          22
          53     1095300          48          54          24
          54     1095290          57          52          27
          55     1095280          63          55          28
          56     1095268          67          60          31
          57     1095257          71          63          35
          58     1095247          71          69          39
          59     1095227          77          78          44
          60     1095204          93          83          46
          61     1095186          96          94          50
          62     1095166         110          95          55
          63     1095151         116          96          63
          64     1095136         117         105          68
          65     1095113         125         113          75
          66     1095092         127         130          77
          67     1095073         122         152          79
          68     1095046         129         168          83
          69     1095005         152         181          88
          70     1094965         180         184          97
          71     1094921         205         193         107
          72     1094882         222         201         121
          73     1094846         235         216         129
          74     1094797         258         229         142
          75     1094743         285         247         151
          76     1094689         290         282         165
          77     1094627         313         311         175
          78     1094567         330         337         192
          79     1094501         368         347         210
          80     1094436         392         362         236
          81     1094352         428         396         250
          82     1094259         462         440         265
          83     1094154         509         485         278
          84     1094046         557         522         301
          85     1093933         591         579         323
          86     1093808         656         617         345
          87     1093695         706         656         369
          88     1093567         737         718         404
          89     1093411         784         787         444
          90     1093252         849         845         480
          91     1093054         943         903         526
          92     1092864        1006         989         567
          93     1092646        1110        1065         605
          94     1092432        1194        1151         649
          95     1092195        1290        1230         711
          96     1091922        1411        1323         770
          97     1091605        1563        1432         826
          98     1091293        1667        1573         893
          99     1090968        1798        1698         962
         100     1090606        1922        1864        1034
         101     1090224        2090        1985        1127
         102     1089833        2217        2154        1222
         103     1089407        2361        2323        1335
         104     1088943        2498        2550        1435
         105     1088419        2731        2713        1563
         106     1087819        2980        2956        1671
         107     1087236        3179        3216        1795
         108     1086617        3425        3445        1939
         109     1085945        3679        3701        2101
         110     1085196        3989        3970        2271
         111     1084383        4289        4296        2458
         112     1083512        4638        4591        2685
         113     1082657        4887        4984        2898
         114     1081703        5234        5383        3106
         115     1080554        5723        5779        3370
         116     1079396        6152        6201        3677
         117     1078129        6656        6658        3983
         118     1076810        7138        7199        4279
         119     1075440        7641        7740        4605
         120     1073909        8276        8240        5001
         121     1072278        8884        8875        5389
         122     1070585        9442        9608        5791
         123     1068688       10071       10420        6247
         124     1066619       10842       11195        6770
         125     1064381       11753       11995        7297
         126     1062150       12517       12884        7875
         127     1059561       13544       13812        8509
         128     1056783       14668       14796        9179
         129     1054027       15575       15969        9855
         130     1050913       16738       17135       10640
         131     1047671       17879       18393       11483
         132     1044264       18982       19839       12341
         133     1040532       20281       21368       13245
         134     1036573       21635       22923       14295
         135     1032335       23140       24485       15466
         136     1027854       24608       26329       16635
         137     1022981       26326       28163       17956
         138     1017810       28197       30166       19253
         139     1012398       30030       32240       20758
         140     1006589       31940       34594       22303
         141     1000500       33916       37043       23967
         142      994131       35937       39589       25769
         143      987453       37965       42222       27786
         144      980415       39966       45122       29923
         145      972832       42302       48130       32162
         146      964982       44520       51378       34546
         147      956737       46728       54739       37222
         148      948213       49093       58116       40004
         149      939336       51530       61636       42924
         150      930185       53805       65275       46161
         151      920445       56216       69314       49451
         152      910392       58521       73431       53082
         153      900325       60600       77641       56860
         154      889574       62918       82009       60925
         155      878700       65119       86210       65397
         156      867649       67165       90608       70004
         157      856147       69156       95174       74949
         158      844389       70960       99756       80321
         159      832624       72814      104004       85984
         160      820732       74189      108629       91876
         161      808570       75684      113133       98039
         162      796311       76897      117643      104575
         163      783941       77928      122085      111472
         164      771607       78661      126307      118851
         165      759122       79421      130386      126497
         166      746788       79917      134078      134643
         167      734629       79875      137960      142962
         168      722261       80147      141363      151655
         169      710077       79952      144703      160694
         170      697881       79731      147654      170160
         171      685862       79443      150057      180064
         172      674255       78708      152378      190085
         173      663014       77772      154180      200460
         174      651712       76799      155652      211263
         175      640712       75482      156918      222314
         176      629847       74156      157906      233517
         177      619344       72506      158432      245144
         178      608938       71137      158447      256904
         179      598749       69903      158039      268735
         180      588790       68530      157252      280854
         181      579135       67059      156190      293042
         182      569598       65685      154768      305375
         183      560449       64155      153104      317718
         184      551509       62572      151234      330111
         185      542677       61184      149177      342388
         186      534167       59584      146885      354790
         187      525954       57883      144593      366996
         188      517854       56476      141797      379299
         189      510044       55000      138857      391525
         190      502374       53580      135926      403546
         191      494828       52240      132944      415414
         192      487671       50730      130210      426815
         193      480497       49593      127282      438054
         194      473637       48257      124258      449274
         195      466909       47015      121323      460179
         196      460419       45844      118318      470845
         197      453934       44633      115620      481239
         198      447728       43526      112536      491636
         199      441724       42392      109719      501591
         200      435781       41366      106807      511472
         201      429999       40209      104195      521023
         202      424451       39224      101365      530386
         203      418944       38159       98847      539476
         204      413536       37287       96257      548346
         205      408374       36358       93676      557018
         206      403379       35450       91194      565403
         207      398433       34580       88893      573520
         208      393531       33731       86718      581446
         209      388787       32939       84502      589198
         210      384110       32083       82443      596790
         211      379538       31350       80413      604125
         212      375029       30802       78295      611300
         213      370719       30159       76233      618315
         214      366472       29516       74227      625211
         215      362239       28910       72498      631779
         216      358006       28389       70707      638324
         217      353956       27863       68958      644649
         218      349837       27452       67457      650680
         219      345885       26922       65925      656694
         220      341975       26568       64324      662559
         221      338030       26314       62914      668168
         222      334257       25865       61612      673692
         223      330569       25439       60198      679220
         224      326941       24966       59074      684445
         225      323342       24516       58013      689555
         226      319699       24283       56940      694504
         227      316140       23844       55987      699455
         228      312530       23603       55031      704262
         229      309046       23366       54026      708988
         230      305600       23151       53110      713565
         231      302155       22996       52116      718159
         232      298879       22631       51368      722548
         233      295487       22491       50595      726853
         234      292135       22201       50006      731084
         235      288803       21985       49355      735283
         236      285507       21868       48683      739368
         237      282310       21581       48035      743500
         238      279136       21315       47453      747522
         239      275880       21309       46741      751496
         240      272720       21075       46199      755432
         241      269595       20848       45745      759238
         242      266608       20535       45290      762993
         243      263655       20279       44798      766694
         244      260719       20000       44420      770287
         245      257902       19604       43993      773927
         246      255028       19308       43555      777535
         247      252135       19073       43100      781118
         248      249280       18868       42651      784627
         249      246574       18651       42072      788129
         250      244003       18203       41703      791517
         251      241547       17815       41094      794970
         252      239164       17258       40723      798281
         253      236823       16755       40208      801640
         254      234508       16187       39781      804950
         255      232255       15705       39165      808301
         256      230103       15166       38566      811591
         257      228059       14710       37935      814722
         258      226137       14259       37129      817901
         259      224247       13707       36352      821120
         260      222495       13160       35533      824238
         261      220785       12571       34714      827356
         262      219202       11957       33949      830318
         263      217689       11396       33088      833253
         264      216276       10835       32224      836091
         265      215011       10234       31198      838983
         266      213797        9591       30121      841917
         267      212667        8980       29006      844773
         268      211593        8392       27865      847576
         269      210623        7782       26902      850119
         270      209722        7217       25830      852657
         271      208891        6740       24708      855087
         272      208115        6335       23573      857403
         273      207382        5862       22366      859816
         274      206705        5418       21233      862070
         275      206055        5083       20017      864271
         276      205432        4759       18908      866327
         277      204899        4418       17779      868330
         278      204434        4093       16686      870213
         279      203984        3749       15676      872017
         280      203578        3443       14630      873775
         281      203195        3190       13630      875411
         282      202910        2832       12697      876987
         283      202638        2518       11817      878453
         284      202363        2296       10975      879792
         285      202103        2108       10204      881011
         286      201851        1941        9447      882187
         287      201641        1754        8722      883309
         288      201454        1613        8052      884307
         289      201273        1508        7407      885238
         290      201124        1387        6802      886113
         291      200996        1220        6267      886943
         292      200853        1113        5777      887683
         293      200730        1001        5304      888391
         294      200623         928        4839      889036
         295      200528         831        4394      889673
         296      200448         749        3987      890242
         297      200370         688        3615      890753
         298      200304         621        3272      891229
         299      200242         542        2988      891654
         300      200176         500        2720      892030
         301      200122         445        2525      892334
         302      200076         410        2305      892635
         303      200019         390        2092      892925
         304      199975         362        1886      893203
         305      199946         326        1695      893459
         306      199916         288        1534      893688
         307      199887         266        1417      893856
         308      199863         237        1255      894071
         309      199845         200        1157      894224
         310      199816         185        1069      894356
         311      199794         169         969      894494
         312      199778         154         861      894633
         313      199766         131         784      894745
         314      199756         118         715      894837
         315      199746         109         629      894942
         316      199736          94         579      895017
         317      199728          82         524      895092
         318      199718          71         481      895156
         319      199709          66         436      895215
         320      199705          57         383      895281
         321      199692          60         347      895327
         322      199678          60         312      895376
         323      199673          59         270      895424
         324      199668          56         243      895459
         325      199663          51         213      895499
         326      199656          53         190      895527
         327      199654          42         178      895552
         328      199652          33         165      895576
         329      199648          27         156      895595
         330      199645          25         135      895621
         331      199641          25         118      895642
         332      199639          20         113      895654
         333      199638          18         103      895667
         334      199638          16          95      895677
         335      199637          13          90      895686
         336      199636          10          85      895695
         337      199634           8          82      895702
         338      199633           8          73      895712
         339      199632           6          69      895719
         340      199631           7          57      895731
         341      199629           8          49      895740
         342      199629           7          39      895751
         343      199627           8          37      895754
         344      199626           8          33      895759
         345      199626           7          26      895767
         346      199625           6          26      895769
         347      199625           5          23      895773
         348      199625           4          20      895777
         349      199625           4          17      895780
         350      199625           1          18      895782
         351      199625           1          15      895785
         352      199625           0          14      895787
         353      199624           1          13      895788
         354      199624           1          13      895788
         355      199624           1          12      895789
         356      199624           1          10      895791
         357      199624           1           8      895793
         358      199624           1           7      895794
         359      199623           2           6      895795
         360      199623           1           6      895796
         361      199623           1           5      895797
         362      199623           1           5      895797
         363      199623           1           2      895800
         364      199623           1           2      895800
         365      199623           0           2      895801
         366      199623           0           2      895801
         367      199623           0           2      895801
         368      199621           2           2      895801
         369      199621           2           2      895801
         370      199621           2           2      895801
         371      199621           2           2      895801
         372      199621           2           2      895801
         373      199621           2           1      895802
         374      199621           0           3      895802
         375      199621           0           3      895802
         376      199621           0           3      895802
         377      199621           0           3      895802
         378      199621           0           3      895802
         379      199621           0           3      895802
         380      199621           0           2      895803
         381      199621           0           2      895803
         382      199621           0           2      895803
         383      199621           0           2      895803
         384      199621           0           2      895803
         385      199621           0           2      895803
         386      199621           0           2      895803
         387      199621           0           0      895805
           1     1095425           1           0           0
           2     1095425           1           0           0
           3     1095425           1           0           0
           4     1095425           1           0           0
           5     1095425           1           0           0
           6     1095425           1           0           0
           7     1095425           0           1           0
           8     1095425           0           1           0
           9     1095425           0           1           0
          10     1095425           0           1           0
          11     1095425           0           1           0
          12     1095425           0           1           0
          13     1095425           0           1           0
          14     1095425           0           1           0
          15     1095424           1           1           0
          16     1095424           1           1           0
          17     1095424           1           1           0
          18     1095424           1           1           0
          19     1095424           1           1           0
          20     1095424           1           0           1
          21     1095424           0           1           1
          22     1095424           0           1           1
          23     1095424           0           1           1
          24     1095424           0           1           1
          25     1095424           0           1           1
          26     1095423           1           1           1
          27     1095423           1           1           1
          28     1095422           2           1           1
          29     1095422           2           1           1
          30     1095422           2           1           1
          31     1095422           2           1           1
          32     1095422           1           2           1
          33     1095421           2           2           1
          34     1095420           2           2           2
          35     1095420           2           2           2
          36     1095420           2           2           2
          37     1095420           2           2           2
          38     1095420           2           2           2
          39     1095420           2           2           2
          40     1095419           1           4           2
          41     1095419           1           4           2
          42     1095418           2           4           2
          43     1095418           2           4           2
          44     1095414           6           4           2
          45     1095413           7           3           3
          46     1095412           8           3           3
          47     1095411           8           3           4
          48     1095411           8           3           4
          49     1095410           8           4           4
          50     1095409           7           6           4
          51     1095409           5           8           4
          52     1095406           6           9           5
          53     1095405           7           8           6
          54     1095401          11           8           6
          55     1095400          10          10           6
          56     1095397          12          11           6
          57     1095395          14          11           6
          58     1095391          15          14           6
          59     1095385          21          14           6
          60     1095384          20          15           7
          61     1095379          21          18           8
          62     1095376          23          19           8
          63     1095373          24          19          10
          64     1095369          24          20          13
          65     1095364          25          23          14
          66     1095361          24          27          14
          67     1095356          24          31          15
          68     1095349          28          34          15
          69     1095340          36          33          17
          70     1095332          38          39          17
          71     1095317          49          41          19
          72     1095312          50          44          20
          73     1095302          57          43          24
          74     1095285          67          49          25
          75     1095273          72          54          27
          76     1095268          69          59          30
          77     1095256          73          63          34
          78     1095241          75          71          39
          79     1095219          92          74          41
          80     1095197          97          86          46
          81     1095180          98          98          50
          82     1095158         112         106          50
          83     1095140         123         107          56
          84     1095124         124         118          60
          85     1095106         125         130          65
          86     1095083         129         147          67
          87     1095056         136         162          72
          88     1095015         153         176          82
          89     1094973         174         188          91
          90     1094942         188         194         102
          91     1094900         213         202         111
          92     1094854         240         213         119
          93     1094812         255         229         130
          94     1094770         262         246         148
          95     1094734         262         275         155
          96     1094679         286         298         163
          97     1094617         306         323         180
          98     1094565         313         350         198
          99     1094486         355         368         217
         100     1094420         369         401         236
         101     1094346         404         418         258
         102     1094243         460         449         274
         103     1094139         506         490         291
         104     1094045         547         523         311
         105     1093924         601         570         331
         106     1093810         646         610         360
         107     1093691         697         647         391
         108     1093575         718         694         439
         109     1093429         756         774         467
         110     1093257         834         836         499
         111     1093075         912         892         547
         112     1092908         957         969         592
         113     1092719        1016        1055         636
         114     1092527        1112        1111         676
         115     1092316        1195        1190         725
         116     1092080        1273        1293         780
         117     1091822        1334        1432         838
         118     1091515        1476        1524         911
         119     1091202        1604        1642         978
         120     1090861        1765        1758        1042
         121     1090527        1894        1866        1139
         122     1090160        2042        1989        1235
         123     1089744        2212        2136        1334
         124     1089295        2372        2317        1442
         125     1088826        2535        2512        1553
         126     1088352        2676        2715        1683
         127     1087825        2869        2929        1803
         128     1087232        3106        3161        1927
         129     1086572        3387        3393        2074
         130     1085932        3591        3648        2255
         131     1085204        3865        3922        2435
         132     1084404        4192        4221        2609
         133     1083551        4519        4562        2794
         134     1082672        4843        4909        3002
         135     1081632        5281        5286        3227
         136     1080576        5698        5680        3472
         137     1079414        6152        6117        3743
         138     1078142        6658        6554        4072
         139     1076853        7134        7019        4420
         140     1075475        7663        7555        4733
         141     1073967        8159        8226        5074
         142     1072359        8729        8859        5479
         143     1070571        9446        9503        5906
         144     1068720       10087       10273        6346
         145     1066683       10823       11070        6850
         146     1064458       11750       11865        7353
         147     1062109       12611       12807        7899
         148     1059658       13545       13699        8524
         149     1057036       14412       14807        9171
         150     1054245       15402       15929        9850
         151     1051217       16462       17128       10619
         152     1047972       17574       18431       11449
         153     1044660       18593       19874       12299
         154     1040963       19916       21263       13284
         155     1037024       21305       22776       14321
         156     1032726       22883       24408       15409
         157     1028291       24432       26020       16683
         158     1023621       25932       27938       17935
         159     1018583       27727       29852       19264
         160     1013350       29421       31942       20713
         161     1007612       31350       34204       22260
         162     1001667       33216       36607       23936
         163      995253       35227       39190       25756
         164      988633       37268       41795       27730
         165      981789       39362       44384       29891
         166      974432       41570       47231       32193
         167      966942       43536       50419       34529
         168      958973       45682       53582       37189
         169      950703       47763       57104       39856
         170      941968       49988       60720       42750
         171      932818       52397       64355       45856
         172      923503       54601       68213       49109
         173      913778       56940       72040       52668
         174      903596       59363       76011       56456
         175      893110       61817       79940       60559
         176      882375       63969       84142       64940
         177      871485       65947       88529       69465
         178      860341       67782       92937       74366
         179      849063       69556       97340       79467
         180      837338       71296      101803       84989
         181      825662       72664      106330       90770
         182      813882       73900      110693       96951
         183      801874       75100      115057      103395
         184      789662       76249      119347      110168
         185      777660       77112      123339      117315
         186      765288       77994      127445      124699
         187      753289       78257      131403      132477
         188      741165       78726      135029      140506
         189      729116       78795      138366      149149
         190      717185       78610      141563      158068
         191      705148       78443      144605      167230
         192      693360       78066      147243      176757
         193      681703       77532      149508      186683
         194      670283       76841      151323      196979
         195      659242       75829      152789      207566
         196      648449       74698      153840      218439
         197      637784       73330      154781      229531
         198      627257       72001      155473      240695
         199      617198       70334      155696      252198
         200      607086       68889      155513      263938
         201      597244       67520      155065      275597
         202      587578       66310      154025      287513
         203      578097       64995      152713      299621
         204      568974       63506      151260      311686
         205      560180       62072      149304      323870
         206      551493       60611      147180      336142
         207      543106       59046      145153      348121
         208      534986       57357      142817      360266
         209      526704       56103      140261      372358
         210      518865       54709      137637      384215
         211      511097       53470      134666      396193
         212      503577       52194      131745      407910
         213      496400       50854      128690      419482
         214      489286       49732      125861      430547
         215      482277       48596      123024      441529
         216      475558       47253      120373      452242
         217      469005       46074      117389      462958
         218      462528       44819      114850      473229
         219      456194       43750      112106      483376
         220      450165       42683      109344      493234
         221      444071       41721      106566      503068
         222      438100       40774      104027      512525
         223      432381       39887      101318      521840
         224      426825       38912       98942      530747
         225      421239       38128       96524      539535
         226      415826       37388       94137      548075
         227      410653       36537       91785      556451
         228      405561       35527       89682      564656
         229      400628       34625       87641      572532
         230      395846       33777       85248      580555
         231      391177       32864       83276      588109
         232      386812       31719       81508      595387
         233      382494       30794       79550      602588
         234      378345       29756       77668      609657
         235      374415       28677       75801      616533
         236      370551       27685       73963      623227
         237      366853       26670       72179      629724
         238      363392       25668       70276      636090
         239      359971       24651       68565      642239
         240      356658       23709       66674      648385
         241      353409       22961       64651      654405
         242      350389       22002       62856      660179
         243      347448       21254       60953      665771
         244      344598       20545       58864      671419
         245      341797       19873       56856      676900
         246      339016       19295       54973      682142
         247      336430       18608       53072      687316
         248      333867       18030       51153      692376
         249      331457       17483       49281      697205
         250      329061       16871       47638      701856
         251      326826       16345       45847      706408
         252      324541       15875       44225      710785
         253      322245       15462       42695      715024
         254      319973       15203       41206      719044
         255      317724       14952       39805      722945
         256      315490       14738       38442      726756
         257      313270       14708       37155      730293
         258      311082       14618       35989      733737
         259      308861       14534       34899      737132
         260      306640       14492       33907      740387
         261      304432       14457       33054      743483
         262      302166       14433       32359      746468
         263      299815       14576       31618      749417
         264      297535       14668       31003      752220
         265      295151       14801       30455      755019
         266      292834       14949       29928      757715
         267      290420       15174       29532      760300
         268      287942       15382       29350      762752
         269      285458       15520       29270      765178
         270      282933       15807       29207      767479
         271      280417       15988       29269      769752
         272      277800       16186       29417      772023
         273      275091       16524       29489      774322
         274      272487       16727       29648      776564
         275      269796       16956       29848      778826
         276      267111       17090       30166      781059
         277      264513       17107       30615      783191
         278      261695       17399       30888      785444
         279      259043       17412       31304      787667
         280      256487       17322       31758      789859
         281      253868       17277       32136      792145
         282      251245       17209       32520      794452
         283      248789       17039       32926      796672
         284      246258       16853       33225      799090
         285      243711       16701       33577      801437
         286      241314       16485       33841      803786
         287      238886       16261       34021      806258
         288      236564       15957       34184      808721
         289      234296       15731       34179      811220
         290      232160       15361       34142      813763
         291      230046       14912       34138      816330
         292      227965       14585       33907      818969
         293      226014       14117       33640      821655
         294      224053       13676       33442      824255
         295      222280       13141       32999      827006
         296      220593       12630       32577      829626
         297      218991       12134       32011      832290
         298      217460       11548       31351      835067
         299      215998       10999       30724      837705
         300      214694       10303       30123      840306
         301      213487        9697       29353      842889
         302      212278        9168       28612      845368
         303      211161        8630       27733      847902
         304      210172        8028       26789      850437
         305      209191        7524       25832      852879
         306      208325        7013       24756      855332
         307      207510        6586       23598      857732
         308      206782        6082       22530      860032
         309      206072        5697       21420      862237
         310      205452        5230       20435      864309
         311      204838        4835       19354      866399
         312      204303        4465       18248      868410
         313      203857        4073       17165      870331
         314      203392        3771       16009      872254
         315      203013        3421       15018      873974
         316      202629        3137       14039      875621
         317      202301        2845       13066      877214
         318      202009        2551       12168      878698
         319      201725        2357       11275      880069
         320      201471        2159       10471      881325
         321      201237        1965        9689      882535
         322      201033        1770        8900      883723
         323      200831        1654        8156      884785
         324      200639        1519        7526      885742
         325      200497        1351        6936      886642
         326      200375        1222        6311      887518
         327      200249        1118        5796      888263
         328      200155         991        5280      889000
         329      200065         856        4855      889650
         330      199973         770        4379      890304
         331      199890         679        3982      890875
         332      199810         621        3648      891347
         333      199716         604        3287      891819
         334      199665         545        3008      892208
         335      199599         511        2718      892598
         336      199549         466        2464      892947
         337      199505         428        2227      893266
         338      199468         388        1987      893583
         339      199430         339        1844      893813
         340      199391         299        1670      894066
         341      199365         266        1508      894287
         342      199348         232        1340      894506
         343      199318         209        1213      894686
         344      199293         196        1075      894862
         345      199259         186         991      894990
         346      199240         164         905      895117
         347      199220         156         827      895223
         348      199199         157         757      895313
         349      199187         143         692      895404
         350      199171         134         631      895490
         351      199160         111         578      895577
         352      199148         102         516      895660
         353      199142          85         471      895728
         354      199135          77         421      895793
         355      199122          73         376      895855
         356      199115          66         354      895891
         357      199111          56         321      895938
         358      199104          53         293      895976
         359      199099          47         268      896012
         360      199093          43         244      896046
         361      199089          39         229      896069
         362      199085          33         214      896094
         363      199082          31         193      896120
         364      199079          26         170      896151
         365      199077          24         150      896175
         366      199074          24         132      896196
         367      199072          22         117      896215
         368      199068          20         102      896236
         369      199067          16          96      896247
         370      199067          12          88      896259
         371      199065          14          78      896269
         372      199064          13          68      896281
         373      199064          10          64      896288
         374      199064           4          57      896301
         375      199063           4          54      896305
         376      199063           4          48      896311
         377      199062           4          40      896320
         378      199062           3          35      896326
         379      199061           3          33      896329
         380      199060           4          29      896333
         381      199060           3          25      896338
         382      199059           4          20      896343
         383      199059           4          16      896347
         384      199059           4          14      896349
         385      199059           3          14      896350
         386      199059           1          12      896354
         387      199058           2           9      896357
         388      199058           2           8      896358
         389      199058           1           8      896359
         390      199058           1           7      896360
         391      199058           1           5      896362
         392      199058           1           5      896362
         393      199058           1           5      896362
         394      199058           0           5      896363
         395      199058           0           5      896363
         396      199058           0           5      896363
         397      199058           0           5      896363
         398      199058           0           5      896363
         399      199058           0           2      896366
         400      199058           0           2      896366
         401      199058           0           1      896367
         402      199058           0           1      896367
         403      199058           0           1      896367
         404      199058           0           1      896367
         405      199058           0           1      896367
         406      199058           0           1      896367
         407      199058           0           1      896367
         408      199058           0           0      896368
           1     1095425           1           0           0
           2     1095425           1           0           0
           3     1095425           1           0           0
           4     1095425           1           0           0
           5     1095425           1           0           0
           6     1095425           1           0           0
           7     1095425           0           1           0
           8     1095425           0           1           0
           9     1095425           0           1           0
          10     1095425           0           1           0
          11     1095424           1           1           0
          12     1095423           2           1           0
          13     1095423           2           1           0
          14     1095423           2           1           0
          15     1095423           2           1           0
          16     1095423           2           1           0
          17     1095423           1           2           0
          18     1095423           0           3           0
          19     1095423           0           3           0
          20     1095423           0           3           0
          21     1095423           0           2           1
          22     1095422           1           2           1
          23     1095422           1           2           1
          24     1095421           2           2           1
          25     1095421           2           2           1
          26     1095421           2           2           1
          27     1095421           2           2           1
          28     1095421           2           2           1
          29     1095419           3           3           1
          30     1095418           3           4           1
          31     1095417           4           2           3
          32     1095417           4           2           3
          33     1095417           4           2           3
          34     1095416           5           2           3
          35     1095416           3           4           3
          36     1095414           4           5           3
          37     1095413           5           5           3
          38     1095411           6           6           3
          39     1095410           7           6           3
          40     1095409           7           7           3
          41     1095407           9           7           3
          42     1095407           8           7           4
          43     1095407           7           7           5
          44     1095404           8           9           5
          45     1095400          11          10           5
          46     1095396          14          11           5
          47     1095394          13          14           5
          48     1095390          17          13           6
          49     1095388          19          11           8
          50     1095386          21          11           8
          51     1095383          19          15           9
          52     1095379          20          18           9
          53     1095376          19          22           9
          54     1095369          24          23          10
          55     1095365          24          25          12
          56     1095361          27          26          12
          57     1095356          28          28          14
          58     1095349          30          31          16
          59     1095346          31          33          16
          60     1095340          31          37          18
          61     1095335          31          41          19
          62     1095329          34          44          19
          63     1095318          38          50          20
          64     1095304          47          50          25
          65     1095295          52          49          30
          66     1095286          60          48          32
          67     1095267          71          55          33
          68     1095256          77          56          37
          69     1095241          82          65          38
          70     1095233          77          74          42
          71     1095219          78          83          46
          72     1095191         101          86          48
          73     1095170         108          93          55
          74     1095159         101         107          59
          75     1095130         118         114          64
          76     1095106         133         121          66
          77     1095086         138         129          73
          78     1095056         148         142          80
          79     1095019         163         162          82
          80     1094985         181         171          89
          81     1094949         197         188          92
          82     1094917         200         208         101
          83     1094878         220         214         114
          84     1094841         226         233         126
          85     1094796         248         247         135
          86     1094743         263         269         151
          87     1094686         289         289         162
          88     1094633         303         311         179
          89     1094569         331         339         187
          90     1094502         359         368         197
          91     1094421         389         402         214
          92     1094337         435         409         245
          93     1094235         476         460         255
          94     1094124         538         478         286
          95     1094023         584         508         311
          96     1093923         612         561         330
          97     1093823         643         610         350
          98     1093694         686         655         391
          99     1093545         744         717         420
         100     1093396         778         795         457
         101     1093246         822         868         490
         102     1093040         937         922         527
         103     1092882         994         986         564
         104     1092694        1050        1069         613
         105     1092459        1163        1149         655
         106     1092238        1243        1232         713
         107     1091999        1326        1336         765
         108     1091743        1403        1463         817
         109     1091426        1539        1576         885
         110     1091126        1658        1675         967
         111     1090800        1762        1817        1047
         112     1090448        1907        1938        1133
         113     1090076        2029        2070        1251
         114     1089689        2181        2189        1367
         115     1089288        2306        2373        1459
         116     1088797        2485        2588        1556
         117     1088232        2731        2786        1677
         118     1087660        2980        2987        1799
         119     1087023        3237        3211        1955
         120     1086385        3496        3442        2103
         121     1085678        3813        3649        2286
         122     1084929        4100        3929        2468
         123     1084086        4430        4269        2641
         124     1083167        4780        4623        2856
         125     1082299        5009        5032        3086
         126     1081255        5451        5389        3331
         127     1080169        5863        5839        3555
         128     1079005        6307        6275        3839
         129     1077768        6760        6752        4146
         130     1076448        7174        7339        4465
         131     1075002        7752        7884        4788
         132     1073397        8375        8495        5159
         133     1071711        9016        9148        5551
         134     1069882        9677        9935        5932
         135     1067870       10496       10655        6405
         136     1065769       11311       11427        6919
         137     1063658       12039       12273        7456
         138     1061361       12846       13121        8098
         139     1058839       13756       14137        8694
         140     1056099       14708       15195        9424
         141     1053140       15783       16377       10126
         142     1050074       16745       17682       10925
         143     1046737       18007       18896       11786
         144     1043291       19300       20148       12687
         145     1039581       20537       21658       13650
         146     1035571       21903       23242       14710
         147     1031123       23518       24971       15814
         148     1026555       25026       26804       17041
         149     1021733       26623       28738       18332
         150     1016522       28500       30704       19700
         151     1011126       30340       32749       21211
         152     1005293       32241       35046       22846
         153      999182       34145       37447       24652
         154      992721       36117       40040       26548
         155      985984       38160       42635       28647
         156      978738       40346       45614       30728
         157      971234       42613       48662       32917
         158      963462       44778       51881       35305
         159      955222       47000       55252       37952
         160      946613       49358       58710       40745
         161      937507       51802       62325       43792
         162      928195       54097       66187       46947
         163      918541       56506       69991       50388
         164      908341       59018       74056       54011
         165      897892       61402       78245       57887
         166      887356       63441       82464       62165
         167      876309       65773       86807       66537
         168      864878       68018       91299       71231
         169      853522       69856       95777       76271
         170      841849       71546      100361       81670
         171      830035       73120      105150       87121
         172      818019       74529      109664       93214
         173      805679       76060      114222       99465
         174      793139       77478      118774      106035
         175      780484       78627      123295      113020
         176      768152       79616      127236      120422
         177      755591       80391      131293      128151
         178      742867       81201      135176      136182
         179      730255       81640      138988      144543
         180      717859       81507      142643      153417
         181      705652       81155      146109      162510
         182      693460       80785      149056      172125
         183      681426       80462      151441      182097
         184      669503       79711      153911      192301
         185      657715       78812      156132      202767
         186      646341       77833      157641      213611
         187      635088       76698      158920      224720
         188      624200       75374      159707      236145
         189      613415       73964      160360      247687
         190      602827       72623      160541      259435
         191      592445       71193      160423      271365
         192      582224       69704      159992      283506
         193      572258       68529      158594      296045
         194      562905       66793      157047      308681
         195      553646       65154      155574      321052
         196      544701       63440      153712      333573
         197      535800       61864      151560      346202
         198      527213       60030      149362      358821
         199      518867       58335      146932      371292
         200      510850       56733      144089      383754
         201      503068       55181      141203      395974
         202      495371       53844      138197      408014
         203      487937       52294      135183      420012
         204      480715       50780      132146      431785
         205      473629       49384      128888      443525
         206      466766       48136      125912      454612
         207      460093       46839      122791      465703
         208      453663       45457      119733      476573
         209      447373       44293      116412      487348
         210      441235       43124      113201      497866
         211      435429       41741      110116      508140
         212      429723       40517      107026      518160
         213      424164       39325      104094      527843
         214      418843       38038      101435      537110
         215      413701       36830       98640      546255
         216      408618       35587       96120      555101
         217      403755       34568       93078      564025
         218      399017       33601       90304      572504
         219      394466       32505       87845      580610
         220      390101       31453       85416      588456
         221      386014       30234       83001      596177
         222      381967       29177       80512      603770
         223      378025       28180       78129      611092
         224      374293       27183       75672      618278
         225      370802       25921       73460      625243
         226      367220       25076       71136      631994
         227      363812       24246       68778      638590
         228      360765       23188       66484      644989
         229      357722       22315       64150      651239
         230      354768       21406       62074      657178
         231      352029       20488       60119      662790
         232      349413       19607       57872      668534
         233      346837       18729       55923      673937
         234      344395       17884       53936      679211
         235      342036       17204       51989      684197
         236      339812       16415       49902      689297
         237      337693       15726       48006      694001
         238      335615       15108       46071      698632
         239      333605       14501       44264      703056
         240      331685       13947       42443      707351
         241      329868       13348       40743      711467
         242      327985       12926       39109      715406
         243      326187       12568       37461      719210
         244      324426       12232       35930      722838
         245      322630       11974       34392      726430
         246      320895       11730       32891      729910
         247      319203       11575       31482      733166
         248      317473       11438       30373      736142
         249      315753       11354       29161      739158
         250      314081       11239       28006      742100
         251      312398       11146       27151      744731
         252      310643       11132       26320      747331
         253      308839       11188       25593      749806
         254      307025       11306       24878      752217
         255      305191       11421       24327      754487
         256      303208       11716       23833      756669
         257      301260       11981       23393      758792
         258      299310       12234       23028      760854
         259      297345       12394       22912      762775
         260      295339       12577       22880      764630
         261      293183       12914       22831      766498
         262      291056       13117       22921      768332
         263      288781       13440       23098      770107
         264      286580       13692       23265      771889
         265      284333       14024       23413      773656
         266      282055       14290       23712      775369
         267      279759       14466       24112      777089
         268      277330       14791       24502      778803
         269      274847       15070       25019      780490
         270      272372       15299       25585      782170
         271      269963       15500       26025      783938
         272      267469       15705       26544      785708
         273      265048       15839       27048      787491
         274      262523       16020       27566      789317
         275      259996       16034       28151      791245
         276      257538       16023       28677      793188
         277      255040       16054       29183      795149
         278      252580       16117       29670      797059
         279      250225       16027       30078      799096
         280      247893       15928       30426      801179
         281      245548       15704       30874      803300
         282      243216       15514       31153      805543
         283      240953       15341       31416      807716
         284      238767       15040       31664      809955
         285      236556       14890       31736      812244
         286      234392       14658       31833      814543
         287      232292       14419       31776      816939
         288      230343       14047       31701      819335
         289      228393       13726       31456      821851
         290      226589       13291       31284      824262
         291      224907       12795       31023      826701
         292      223243       12222       30810      829151
         293      221624       11697       30471      831634
         294      220073       11246       29892      834215
         295      218634       10692       29461      836639
         296      217270       10222       28810      839124
         297      215944        9754       28103      841625
         298      214670        9390       27370      843996
         299      213495        8902       26632      846397
         300      212428        8438       25839      848721
         301      211389        7968       25020      851049
         302      210522        7428       24156      853320
         303      209639        6975       23285      855527
         304      208844        6473       22363      857746
         305      208079        6011       21423      859913
         306      207372        5605       20337      862112
         307      206702        5222       19411      864091
         308      206062        4902       18445      866017
         309      205513        4553       17425      867935
         310      204992        4271       16474      869689
         311      204517        3942       15624      871343
         312      204094        3649       14710      872973
         313      203720        3315       13848      874543
         314      203352        3045       12984      876045
         315      203028        2749       12148      877501
         316      202729        2554       11323      878820
         317      202441        2321       10559      880105
         318      202175        2130        9805      881316
         319      201931        1976        9060      882459
         320      201720        1831        8380      883495
         321      201502        1695        7766      884463
         322      201300        1592        7197      885337
         323      201129        1456        6661      886180
         324      200987        1333        6146      886960
         325      200835        1219        5667      887705
         326      200700        1124        5197      888405
         327      200596        1006        4807      889017
         328      200511         897        4397      889621
         329      200440         768        4058      890160
         330      200357         701        3711      890657
         331      200276         637        3411      891102
         332      200208         558        3171      891489
         333      200144         509        2886      891887
         334      200088         469        2652      892217
         335      200019         460        2422      892525
         336      199980         422        2190      892834
         337      199942         379        1982      893123
         338      199901         336        1823      893366
         339      199867         304        1659      893596
         340      199846         280        1480      893820
         341      199818         238        1345      894025
         342      199794         204        1211      894217
         343      199769         194        1100      894363
         344      199744         173         994      894515
         345      199726         159         867      894674
         346      199707         154         787      894778
         347      199690         139         729      894868
         348      199675         131         678      894942
         349      199661         122         616      895027
         350      199650         106         562      895108
         351      199642          90         505      895189
         352      199632          83         461      895250
         353      199624          72         414      895316
         354      199619          61         369      895377
         355      199617          50         337      895422
         356      199613          42         305      895466
         357      199610          36         274      895506
         358      199605          33         246      895542
         359      199604          23         228      895571
         360      199600          21         205      895600
         361      199598          21         186      895621
         362      199597          19         165      895645
         363      199594          17         145      895670
         364      199593          14         126      895693
         365      199590          15         111      895710
         366      199585          15          95      895731
         367      199584          15          85      895742
         368      199581          16          73      895756
         369      199578          17          58      895773
         370      199576          17          51      895782
         371      199575          17          45      895789
         372      199574          13          43      895796
         373      199574          11          36      895805
         374      199574           9          36      895807
         375      199572           8          38      895808
         376      199571           6          33      895816
         377      199571           4          32      895819
         378      199571           4          29      895822
         379      199571           3          28      895824
         380      199571           3          24      895828
         381      199571           2          24      895829
         382      199571           1          23      895831
         383      199571           0          23      895832
         384      199571           0          23      895832
         385      199571           0          16      895839
         386      199571           0          13      895842
         387      199570           1          13      895842
         388      199570           1           8      895847
         389      199570           1           5      895850
         390      199570           1           5      895850
         391      199570           1           4      895851
         392      199570           1           3      895852
         393      199570           1           3      895852
         394      199570           1           2      895853
         395      199570           0           2      895854
         396      199570           0           1      895855
         397      199570           0           1      895855
         398      199570           0           1      895855
         399      199570           0           1      895855
         400      199570           0           1      895855
         401      199570           0           1      895855
         402      199570           0           1      895855
         403      199570           0           1      895855
         404      199570           0           1      895855
         405      199570           0           1      895855
         406      199570           0           1      895855
         407      199570           0           0      895856
           1     1095425           1           0           0
           2     1095425           1           0           0
           3     1095425           1           0           0
           4     1095425           1           0           0
           5     1095425           1           0           0
           6     1095425           1           0           0
           7     1095424           1           1           0
           8     1095423           2           1           0
           9     1095423           2           1           0
          10     1095423           2           1           0
          11     1095423           2           1           0
          12     1095423           2           1           0
          13     1095423           1           2           0
          14     1095423           0           3           0
          15     1095423           0           3           0
          16     1095423           0           3           0
          17     1095423           0           3           0
          18     1095422           1           3           0
          19     1095420           3           3           0
          20     1095420           3           2           1
          21     1095419           4           2           1
          22     1095419           4           2           1
          23     1095418           5           2           1
          24     1095418           4           3           1
          25     1095416           5           4           1
          26     1095415           5           4           2
          27     1095415           4           4           3
          28     1095414           5           4           3
          29     1095414           4           5           3
          30     1095413           5           5           3
          31     1095413           3           7           3
          32     1095413           3           7           3
          33     1095411           4           8           3
          34     1095410           4           9           3
          35     1095408           6           9           3
          36     1095407           6          10           3
          37     1095405           8           9           4
          38     1095402          11           7           6
          39     1095401          10           9           6
          40     1095398          12           9           7
          41     1095396          13          10           7
          42     1095394          14          10           8
          43     1095393          12          13           8
          44     1095392          12          13           9
          45     1095389          15          12          10
          46     1095386          12          17          11
          47     1095384          14          17          11
          48     1095383          13          18          12
          49     1095378          15          20          13
          50     1095374          18          21          13
          51     1095369          20          24          13
          52     1095368          19          24          15
          53     1095360          26          24          16
          54     1095357          28          23          18
          55     1095353          27          27          19
          56     1095347          29          29          21
          57     1095342          30          32          22
          58     1095333          36          33          24
          59     1095330          32          38          26
          60     1095325          33          39          29
          61     1095320          35          41          30
          62     1095312          39          43          32
          63     1095300          44          49          33
          64     1095284          55          51          36
          65     1095274          57          57          38
          66     1095262          65          57          42
          67     1095248          74          62          42
          68     1095234          82          65          45
          69     1095225          82          69          50
          70     1095214          74          82          56
          71     1095200          78          91          57
          72     1095178          91          94          63
          73     1095156         101         101          68
          74     1095129         114         112          71
          75     1095107         122         121          76
          76     1095073         146         126          81
          77     1095050         154         134          88
          78     1095029         161         141          95
          79     1095002         166         158         100
          80     1094960         179         182         105
          81     1094921         196         199         110
          82     1094879         217         212         118
          83     1094828         234         230         134
          84     1094792         246         242         146
          85     1094746         266         255         159
          86     1094704         274         278         170
          87     1094643         300         299         184
          88     1094591         314         324         197
          89     1094516         344         358         208
          90     1094438         369         397         222
          91     1094363         406         421         236
          92     1094273         459         436         258
          93     1094157         523         458         288
          94     1094061         561         494         310
          95     1093974         572         541         339
          96     1093863         612         589         362
          97     1093735         669         635         387
          98     1093600         708         712         406
          99     1093458         764         754         450
         100     1093279         837         820         490
         101     1093111         906         883         526
         102     1092937         977         937         575
         103     1092756        1048        1003         619
         104     1092552        1120        1096         658
         105     1092319        1218        1190         699
         106     1092081        1298        1289         758
         107     1091802        1403        1406         815
         108     1091505        1517        1531         873
         109     1091190        1658        1628         950
         110     1090841        1817        1746        1022
         111     1090476        1959        1885        1106
         112     1090078        2123        2019        1206
         113     1089660        2283        2179        1304
         114     1089185        2455        2383        1403
         115     1088697        2641        2588        1500
         116     1088166        2845        2790        1625
         117     1087595        3066        3015        1750
         118     1086967        3313        3260        1886
         119     1086269        3593        3502        2062
         120     1085519        3903        3771        2233
         121     1084737        4209        4068        2412
         122     1083924        4488        4433        2581
         123     1083037        4847        4794        2748
         124     1082094        5184        5148        3000
         125     1080994        5621        5593        3218
         126     1079803        6081        6051        3491
         127     1078612        6525        6512        3777
         128     1077301        7050        7000        4075
         129     1075864        7625        7520        4417
         130     1074375        8184        8097        4770
         131     1072815        8728        8738        5145
         132     1071107        9256        9523        5540
         133     1069254        9934       10227        6011
         134     1067262       10691       10989        6484
         135     1065044       11548       11843        6991
         136     1062820       12305       12741        7560
         137     1060282       13268       13723        8153
         138     1057690       14228       14691        8817
         139     1054946       15245       15708        9527
         140     1051974       16318       16838       10296
         141     1048839       17346       18187       11054
         142     1045370       18597       19516       11943
         143     1041671       19855       21045       12855
         144     1037803       21202       22550       13871
         145     1033576       22717       24102       15031
         146     1029299       24102       25832       16193
         147     1024706       25721       27511       17488
         148     1019767       27338       29461       18860
         149     1014495       29046       31574       20311
         150     1008887       30858       33814       21867
         151     1003039       32649       36233       23505
         152      996828       34559       38792       25247
         153      990343       36596       41319       27168
         154      983551       38738       43866       29271
         155      976260       40913       46762       31491
         156      968825       42874       49893       33834
         157      960921       44980       53101       36424
         158      952719       47258       56353       39096
         159      944079       49465       59863       42019
         160      935062       51885       63464       45015
         161      925722       54209       67223       48272
         162      916003       56622       70899       51902
         163      905990       58902       74871       55663
         164      895598       61136       78878       59814
         165      884962       63390       83082       63992
         166      874166       65381       87479       68400
         167      863066       67303       91877       73180
         168      851581       69253       96376       78216
         169      840099       70975      100668       83684
         170      828241       72579      105175       89431
         171      816302       74055      109593       95476
         172      803935       75742      113879      101870
         173      791860       76789      118277      108500
         174      779701       77674      122467      115584
         175      767284       78636      126637      122869
         176      754751       79488      130708      130479
         177      742441       79946      134388      138651
         178      730028       80040      138189      147169
         179      717999       79929      141595      155903
         180      705724       80014      144640      165048
         181      693843       79675      147345      174563
         182      681960       79083      149970      184413
         183      670076       78567      152172      194611
         184      658747       77605      153928      205146
         185      647473       76518      155500      215935
         186      636291       75523      156765      226847
         187      625498       74341      157526      238061
         188      614796       73061      157994      249575
         189      604636       71432      158092      261266
         190      594482       69994      157847      273103
         191      584596       68490      157007      285333
         192      574938       66916      155998      297574
         193      565517       65301      154902      309706
         194      556493       63658      153329      321946
         195      547368       62336      151345      334377
         196      538655       60770      149138      346863
         197      530185       59277      146887      359077
         198      521746       58089      144298      371293
         199      513931       56299      141668      383528
         200      506268       54689      138840      395629
         201      498631       53202      136045      407548
         202      491216       51839      132971      419400
         203      483994       50466      130019      430947
         204      477088       48917      127075      442346
         205      470332       47566      123907      453621
         206      463608       46511      120653      464654
         207      457117       45286      117777      475246
         208      450790       44168      114791      485677
         209      444738       42910      111822      495956
         210      438698       41906      108924      505898
         211      432803       40895      106108      515620
         212      426976       39894      103358      525198
         213      421294       39017      100647      534468
         214      415760       38097       98026      543543
         215      410405       37278       95304      552439
         216      405342       36309       92788      560987
         217      400406       35317       90345      569358
         218      395389       34488       88039      577510
         219      390530       33656       85866      585374
         220      385791       32710       83899      593026
         221      381151       31935       81882      600458
         222      376489       31368       79768      607801
         223      372135       30709       77612      614970
         224      367830       30050       75774      621772
         225      363405       29589       73897      628535
         226      359316       28864       72227      635019
         227      355234       28222       70500      641470
         228      351197       27678       68838      647713
         229      347224       27141       67346      653715
         230      343302       26635       65914      659575
         231      339504       26153       64284      665485
         232      335686       25744       62639      671357
         233      332034       25269       61163      676960
         234      328430       24775       59876      682345
         235      324852       24320       58674      687580
         236      321347       23864       57710      692505
         237      317826       23600       56435      697565
         238      314461       23135       55353      702477
         239      311007       22896       54233      707290
         240      307518       22751       53182      711975
         241      304128       22522       52157      716619
         242      300736       22398       51193      721099
         243      297463       22125       50400      725438
         244      294070       22064       49455      729837
         245      290849       21882       48657      734038
         246      287636       21649       48028      738113
         247      284526       21307       47344      742249
         248      281355       21033       46818      746220
         249      278133       20931       46234      750128
         250      275139       20644       45626      754017
         251      272006       20462       45103      757855
         252      269010       20247       44673      761496
         253      266056       20059       44139      765172
         254      263134       19774       43726      768792
         255      260157       19592       43375      772302
         256      257151       19485       42963      775827
         257      254227       19336       42574      779289
         258      251458       19037       42262      782669
         259      248760       18782       41709      786175
         260      246120       18469       41204      789633
         261      243609       18021       40806      792990
         262      241068       17574       40465      796319
         263      238681       16980       40093      799672
         264      236458       16389       39650      802929
         265      234192       15961       39084      806189
         266      232041       15388       38647      809350
         267      230058       14814       37975      812579
         268      228064       14278       37390      815694
         269      226121       13811       36721      818773
         270      224338       13286       35926      821876
         271      222630       12698       35162      824936
         272      220969       12196       34393      827868
         273      219388       11692       33508      830838
         274      217914       11161       32572      833779
         275      216528       10575       31512      836811
         276      215265        9973       30462      839726
         277      214048        9427       29392      842559
         278      212893        8904       28393      845236
         279      211860        8321       27219      848026
         280      210844        7821       26147      850614
         281      209900        7332       25111      853083
         282      209045        6858       23969      855554
         283      208269        6409       22935      857813
         284      207536        5908       21897      860085
         285      206857        5522       20759      862288
         286      206259        5115       19707      864345
         287      205702        4659       18719      866346
         288      205190        4287       17602      868347
         289      204704        3941       16561      870220
         290      204264        3617       15568      871977
         291      203840        3347       14607      873632
         292      203437        3116       13635      875238
         293      203102        2877       12667      876780
         294      202775        2667       11759      878225
         295      202476        2463       10977      879510
         296      202231        2277       10155      880763
         297      202001        2066        9369      881990
         298      201802        1871        8712      883041
         299      201593        1689        8066      884078
         300      201420        1490        7493      885023
         301      201250        1387        6847      885942
         302      201102        1269        6250      886805
         303      200978        1136        5799      887513
         304      200861        1046        5306      888213
         305      200745         960        4873      888848
         306      200668         845        4471      889442
         307      200590         741        4105      889990
         308      200510         672        3766      890478
         309      200425         616        3440      890945
         310      200356         553        3144      891373
         311      200300         510        2825      891791
         312      200250         460        2552      892164
         313      200189         433        2311      892493
         314      200134         414        2080      892798
         315      200095         361        1877      893093
         316      200054         335        1745      893292
         317      200030         294        1582      893520
         318      199999         277        1422      893728
         319      199975         239        1278      893934
         320      199951         212        1170      894093
         321      199928         193        1042      894263
         322      199908         162         970      894386
         323      199891         148         882      894505
         324      199867         146         797      894616
         325      199849         135         717      894725
         326      199836         128         663      894799
         327      199827         115         612      894872
         328      199812         107         548      894959
         329      199802          96         497      895031
         330      199788          92         455      895091
         331      199779          80         418      895149
         332      199777          66         374      895209
         333      199770          60         327      895269
         334      199759          60         293      895314
         335      199753          56         263      895354
         336      199750          45         248      895383
         337      199745          39         232      895410
         338      199738          41         210      895437
         339      199734          41         186      895465
         340      199734          32         176      895484
         341      199732          25         161      895508
         342      199731          22         145      895528
         343      199731          18         133      895544
         344      199728          15         115      895568
         345      199725          11         105      895585
         346      199725           9          95      895597
         347      199724          10          84      895608
         348      199723           9          77      895617
         349      199722           9          63      895632
         350      199722           8          54      895642
         351      199721           5          54      895646
         352      199720           5          49      895652
         353      199717           7          41      895661
         354      199715           8          35      895668
         355      199715           7          32      895672
         356      199714           8          27      895677
         357      199714           7          21      895684
         358      199714           6          14      895692
         359      199714           6          14      895692
         360      199714           1          19      895692
         361      199714           1          17      895694
         362      199712           2          17      895695
         363      199712           2          15      895697
         364      199712           2          14      895698
         365      199710           4          12      895700
         366      199710           4          10      895702
         367      199710           4           9      895703
         368      199709           4           9      895704
         369      199709           3          10      895704
         370      199709           3           9      895705
         371      199709           1          10      895706
         372      199709           1           9      895707
         373      199709           1           5      895711
         374      199708           1           6      895711
         375      199708           1           5      895712
         376      199708           1           5      895712
         377      199708           1           5      895712
         378      199708           1           5      895712
         379      199708           1           5      895712
         380      199708           1           5      895712
         381      199708           0           4      895714
         382      199708           0           4      895714
         383      199708           0           4      895714
         384      199708           0           3      895715
         385      199708           0           3      895715
         386      199708           0           2      895716
         387      199708           0           1      895717
         388      199708           0           1      895717
         389      199708           0           1      895717
         390      199708           0           1      895717
         391      199708           0           1      895717
         392      199708           0           1      895717
         393      199708           0           1      895717
         394      199708           0           0      895718
