 #time susceptible exposed infected recover
           1     1095425           1           0           0
           2     1095425           1           0           0
           3     1095425           1           0           0
           4     1095425           1           0           0
           5     1095425           1           0           0
           6     1095424           1           1           0
           7     1095424           1           1           0
           8     1095424           1           1           0
           9     1095423           2           1           0
          10     1095423           2           1           0
          11     1095421           4           1           0
          12     1095420           4           2           0
          13     1095420           4           2           0
          14     1095418           5           3           0
          15     1095415           8           3           0
          16     1095412          10           4           0
          17     1095408          12           6           0
          18     1095404          16           6           0
          19     1095399          20           6           1
          20     1095392          24           9           1
          21     1095385          29          11           1
          22     1095377          34          14           1
          23     1095366          41          18           1
          24     1095353          48          24           1
          25     1095340          55          30           1
          26     1095316          70          38           2
          27     1095289          93          41           3
          28     1095265         107          51           3
          29     1095241         120          61           4
          30     1095209         136          75           6
          31     1095157         172          91           6
          32     1095109         195         114           8
          33     1095019         265         132          10
          34     1094927         327         159          13
          35     1094821         402         187          16
          36     1094714         472         219          21
          37     1094578         549         275          24
          38     1094414         638         344          30
          39     1094152         812         423          39
          40     1093842        1035         505          44
          41     1093482        1288         601          55
          42     1093096        1556         705          69
          43     1092612        1882         850          82
          44     1092055        2233        1041          97
          45     1091362        2641        1298         125
          46     1090459        3206        1615         146
          47     1089371        3899        1979         177
          48     1088081        4783        2362         200
          49     1086635        5706        2837         248
          50     1084798        6890        3443         295
          51     1082581        8345        4134         366
          52     1079896       10040        5039         451
          53     1076670       12064        6146         546
          54     1072796       14564        7417         649
          55     1068097       17615        8932         782
          56     1062564       21151       10783         928
          57     1055908       25326       13055        1137
          58     1048148       30134       15711        1433
          59     1039017       35703       18946        1760
          60     1028285       42107       22910        2124
          61     1015474       49790       27604        2558
          62     1000568       58549       33222        3087
          63      983342       68677       39673        3734
          64      963883       79731       47309        4503
          65      942119       91612       56218        5477
          66      917820      104190       66729        6687
          67      890511      117457       79402        8056
          68      861399      130612       93698        9717
          69      830276      143471      109936       11743
          70      797926      155233      128138       14129
          71      765645      164447      148231       17103
          72      733005      171141      170638       20642
          73      701541      174446      194445       24994
          74      671197      174946      219168       30115
          75      642647      171692      244936       36151
          76      615804      166137      270127       43358
          77      591090      158389      294140       51807
          78      567998      149213      316481       61734
          79      546210      140267      335442       73507
          80      525420      131718      351054       87234
          81      505331      124087      362711      103297
          82      485771      117719      370216      121720
          83      466331      113331      373409      142355
          84      447444      109565      373109      165308
          85      429185      106295      368809      191137
          86      411712      103366      361140      219208
          87      395085      100035      350923      249383
          88      379039       96680      338439      281268
          89      363942       92643      325309      313532
          90      350079       87983      311298      346066
          91      336767       83461      297050      378148
          92      324900       78197      283227      409102
          93      313864       73024      270143      438395
          94      303389       67962      257879      466196
          95      293620       63357      246387      492062
          96      284605       58772      236134      515915
          97      275822       55130      226000      538474
          98      267627       51745      216166      559888
          99      259730       48915      206532      580249
         100      252110       46365      196762      600189
         101      244823       44325      186534      619744
         102      237668       42594      176371      638793
         103      230854       40907      166348      657317
         104      224196       39512      156640      675078
         105      217830       38179      147210      692207
         106      211494       36941      138396      708595
         107      205192       36048      130186      724000
         108      198716       35564      122743      738403
         109      192233       35350      115783      752060
         110      185633       35518      109753      764522
         111      179115       35561      104661      776089
         112      172511       35829      100243      786843
         113      166082       35827       96575      796942
         114      159546       36068       93473      806339
         115      153131       35776       91313      815206
         116      146834       35621       89340      823631
         117      140902       34897       87878      831749
         118      135285       34029       86647      839465
         119      130100       32685       85656      846985
         120      125346       31044       84929      854107
         121      121220       28703       84419      861084
         122      117666       26225       83603      867932
         123      114715       23307       82980      874424
         124      112347       20339       81978      880762
         125      110503       17231       80627      887065
         126      109165       14133       78731      893397
         127      108154       11261       76033      899978
         128      107407        8787       72681      906551
         129      106918        6619       68861      913028
         130      106586        4885       64329      919626
         131      106367        3492       59453      926114
         132      106214        2472       54148      932592
         133      106099        1688       48537      939102
         134      106043        1156       42740      945487
         135      105997         774       37055      951600
         136      105973         505       31531      957417
         137      105955         333       26363      962775
         138      105948         195       21556      967727
         139      105938         137       17205      972146
         140      105935          79       13485      975927
         141      105929          59       10173      979265
         142      105929          34        7625      981838
         143      105927          24        5489      983986
         144      105927          15        3892      985592
         145      105926          11        2727      986762
         146      105924           7        1839      987656
         147      105924           6        1232      988264
         148      105924           4         811      988687
         149      105924           3         558      988941
         150      105924           3         368      989131
         151      105924           2         228      989272
         152      105924           0         142      989360
         153      105924           0          94      989408
         154      105924           0          61      989441
         155      105924           0          39      989463
         156      105924           0          30      989472
         157      105924           0          17      989485
         158      105924           0          15      989487
         159      105924           0           9      989493
         160      105924           0           5      989497
         161      105924           0           3      989499
         162      105924           0           3      989499
         163      105924           0           3      989499
         164      105924           0           2      989500
         165      105924           0           1      989501
         166      105924           0           0      989502
           1     1095425           1           0           0
           2     1095425           1           0           0
           3     1095425           1           0           0
           4     1095425           1           0           0
           5     1095425           1           0           0
           6     1095425           0           1           0
           7     1095423           2           1           0
           8     1095423           2           1           0
           9     1095423           2           1           0
          10     1095422           3           1           0
          11     1095422           3           1           0
          12     1095421           3           2           0
          13     1095419           4           3           0
          14     1095418           5           3           0
          15     1095417           5           4           0
          16     1095415           7           4           0
          17     1095412           9           5           0
          18     1095404          15           7           0
          19     1095398          20           8           0
          20     1095391          27           7           1
          21     1095389          27           9           1
          22     1095381          32          12           1
          23     1095371          38          16           1
          24     1095357          44          24           1
          25     1095342          52          31           1
          26     1095335          55          33           3
          27     1095307          79          37           3
          28     1095284          93          45           4
          29     1095255         107          60           4
          30     1095224         128          69           5
          31     1095177         160          83           6
          32     1095136         186          96           8
          33     1095051         246         120           9
          34     1094986         287         143          10
          35     1094892         349         173          12
          36     1094773         429         208          16
          37     1094632         521         248          25
          38     1094452         636         305          33
          39     1094263         757         372          34
          40     1094005         926         454          41
          41     1093695        1122         560          49
          42     1093324        1383         659          60
          43     1092878        1650         821          77
          44     1092373        1989         976          88
          45     1091725        2399        1194         108
          46     1090931        2917        1448         130
          47     1089942        3565        1764         155
          48     1088817        4296        2130         183
          49     1087444        5181        2577         224
          50     1085769        6278        3111         268
          51     1083709        7620        3758         339
          52     1081258        9155        4603         410
          53     1078207       11191        5530         498
          54     1074715       13447        6667         597
          55     1070571       16044        8096         715
          56     1065633       19083        9821         889
          57     1059467       23013       11872        1074
          58     1052194       27522       14416        1294
          59     1043641       32813       17386        1586
          60     1033630       38993       20877        1926
          61     1021790       46268       25058        2310
          62     1007879       54648       30111        2788
          63      992204       63563       36288        3371
          64      974037       73969       43340        4080
          65      953098       85635       51699        4994
          66      929542       98280       61589        6015
          67      903047      112044       73049        7286
          68      873863      126400       86339        8824
          69      842450      140730      101557       10689
          70      809742      153918      118874       12892
          71      776037      165438      138267       15684
          72      741600      174719      160150       18957
          73      707437      181001      184168       22820
          74      674214      184162      209723       27327
          75      642271      184261      236051       32843
          76      612130      180925      262758       39613
          77      584027      174927      289068       47404
          78      558434      166142      314183       56667
          79      534384      156485      336981       67576
          80      511707      146584      356744       80391
          81      489962      137150      373060       95254
          82      468926      129110      385302      112088
          83      448395      122711      392565      131755
          84      428747      117524      395178      153977
          85      409810      113132      393311      179173
          86      391717      108780      388000      206929
          87      374482      104556      379284      237104
          88      358228      100272      367760      269166
          89      343305       95095      354487      302539
          90      329500       89599      339756      336571
          91      316818       83711      324093      370804
          92      305511       77411      307898      404606
          93      295110       71066      292095      437155
          94      285585       65056      276661      468124
          95      276878       59435      261895      497218
          96      269044       53945      248242      524195
          97      261837       49272      235119      549198
          98      255139       45137      222752      572398
          99      249001       41329      210439      594657
         100      243075       38156      198054      616141
         101      237620       35355      185448      637003
         102      232109       33243      172914      657160
         103      226714       31867      160439      676406
         104      221144       30943      148347      694992
         105      215513       30561      136702      712650
         106      209783       30567      125937      729139
         107      203716       31151      115773      744786
         108      197429       31996      106854      759147
         109      190743       33167       99176      772340
         110      183870       34504       92718      784334
         111      177019       35615       87651      795141
         112      170019       36649       83651      805107
         113      163271       37260       80720      814175
         114      156364       37674       78880      822508
         115      149585       37659       78149      830033
         116      143255       37210       78066      836895
         117      137215       36340       78561      843310
         118      131601       35057       79373      849395
         119      126421       33345       80544      855116
         120      122016       30823       82028      860559
         121      118220       28162       82988      866056
         122      114938       25335       83624      871529
         123      112512       21865       83962      877087
         124      110578       18342       83701      882805
         125      109145       15099       82533      888649
         126      108136       12002       80414      894874
         127      107373        9210       77440      901403
         128      106867        6887       73534      908138
         129      106532        5029       68905      914960
         130      106329        3530       63612      921955
         131      106167        2485       58011      928763
         132      106055        1731       52009      935631
         133      105989        1154       45758      942525
         134      105953         758       39663      949052
         135      105927         510       33743      955246
         136      105913         323       28098      961092
         137      105904         212       22879      966431
         138      105897         128       18157      971244
         139      105892          78       14133      975323
         140      105889          53       10670      978814
         141      105885          36        7840      981665
         142      105884          26        5645      983871
         143      105881          18        3961      985566
         144      105880          14        2720      986812
         145      105880          11        1866      987669
         146      105880           7        1255      988284
         147      105880           6         813      988727
         148      105880           1         544      989001
         149      105880           0         373      989173
         150      105880           0         235      989311
         151      105880           0         151      989395
         152      105880           0          97      989449
         153      105880           0          65      989481
         154      105880           0          40      989506
         155      105880           0          25      989521
         156      105880           0          20      989526
         157      105880           0          14      989532
         158      105880           0          11      989535
         159      105880           0           5      989541
         160      105880           0           5      989541
         161      105880           0           1      989545
         162      105880           0           0      989546
           1     1095425           1           0           0
           2     1095425           1           0           0
           3     1095425           1           0           0
           4     1095425           1           0           0
           5     1095425           1           0           0
           6     1095425           0           1           0
           7     1095424           1           1           0
           8     1095422           3           1           0
           9     1095422           3           1           0
          10     1095421           4           1           0
          11     1095421           4           1           0
          12     1095421           3           2           0
          13     1095420           2           4           0
          14     1095417           5           4           0
          15     1095414           8           4           0
          16     1095410          11           5           0
          17     1095409          12           5           0
          18     1095407          13           6           0
          19     1095403          16           6           1
          20     1095399          17           9           1
          21     1095389          24          12           1
          22     1095386          24          15           1
          23     1095374          35          16           1
          24     1095365          40          20           1
          25     1095353          50          21           2
          26     1095341          53          28           4
          27     1095323          64          35           4
          28     1095304          75          42           5
          29     1095268         102          51           5
          30     1095237         124          60           5
          31     1095196         151          74           5
          32     1095149         187          83           7
          33     1095089         223         105           9
          34     1095023         265         124          14
          35     1094923         326         162          15
          36     1094830         382         195          19
          37     1094690         479         235          22
          38     1094543         578         280          25
          39     1094340         720         333          33
          40     1094125         847         416          38
          41     1093856        1021         507          42
          42     1093544        1213         615          54
          43     1093164        1450         746          66
          44     1092693        1757         897          79
          45     1092114        2130        1089          93
          46     1091384        2604        1322         116
          47     1090514        3188        1588         136
          48     1089462        3892        1897         175
          49     1088251        4686        2277         212
          50     1086738        5666        2771         251
          51     1084961        6791        3366         308
          52     1082820        8136        4097         373
          53     1080113        9865        4999         449
          54     1076942       11912        6028         544
          55     1073067       14440        7255         664
          56     1068472       17361        8771         822
          57     1063060       20788       10589         989
          58     1056677       24768       12799        1182
          59     1048986       29520       15496        1424
          60     1039817       35187       18707        1715
          61     1028991       41715       22641        2079
          62     1016288       49505       27151        2482
          63     1001493       58327       32595        3011
          64      984609       68259       38867        3691
          65      965172       79299       46493        4462
          66      943091       91381       55543        5411
          67      918150      104583       66126        6567
          68      890686      118395       78443        7902
          69      860372      132818       92676        9560
          70      828129      146955      108839       11503
          71      794301      159905      127297       13923
          72      759745      170940      147847       16894
          73      724616      180009      170360       20441
          74      690522      185219      195035       24650
          75      657191      187148      221460       29627
          76      626076      185207      248645       35498
          77      597052      180096      275770       42508
          78      570302      172141      302100       50883
          79      545902      161847      326815       60862
          80      522716      151276      348698       72736
          81      501195      140665      367123       86443
          82      480744      130863      381493      102326
          83      461082      122636      391336      120372
          84      441825      116130      396235      141236
          85      423022      111141      396509      164754
          86      404809      106812      392762      191043
          87      387646      102983      384937      219860
          88      370827       99839      373627      251133
          89      355066       95988      360322      284050
          90      340249       91668      345020      318489
          91      326260       87318      328746      353102
          92      313459       82517      311677      387773
          93      301494       77470      295113      421349
          94      290635       72159      278840      453792
          95      280889       66646      263934      483957
          96      271723       61369      250443      511891
          97      263461       56229      238317      537419
          98      255560       51845      226722      561299
          99      248264       47801      215585      583776
         100      241341       44473      204784      604828
         101      234749       41437      194462      624778
         102      228227       39346      183433      644420
         103      221872       37548      172804      663202
         104      215476       36428      161674      681848
         105      209034       35792      151187      699413
         106      202702       35322      140954      716448
         107      196252       35167      131328      732679
         108      189958       35054      122424      747990
         109      183638       34956      114613      762219
         110      177530       34678      107561      775657
         111      171474       34378      101572      788002
         112      165387       34208       96478      799353
         113      159255       33915       92557      809699
         114      153278       33531       89530      819087
         115      147407       33146       87097      827776
         116      141652       32901       84974      835899
         117      136227       32227       83519      843453
         118      131005       31300       82541      850580
         119      126302       30014       81679      857431
         120      122058       28224       81177      863967
         121      118270       26294       80479      870383
         122      115138       23753       79818      876717
         123      112598       20961       78679      883188
         124      110676       17966       77300      889484
         125      109241       14931       75384      895870
         126      108176       11925       73016      902309
         127      107398        9296       70051      908681
         128      106885        7009       66634      914898
         129      106555        5124       62793      920954
         130      106335        3621       58381      927089
         131      106199        2512       53550      933165
         132      106102        1693       48469      939162
         133      106031        1107       43165      945123
         134      105993         733       37749      950951
         135      105968         474       32390      956594
         136      105952         316       27200      961958
         137      105944         217       22462      966803
         138      105935         129       18125      971237
         139      105929          86       14175      975236
         140      105928          57       10734      978707
         141      105927          34        7956      981509
         142      105924          22        5692      983788
         143      105923          14        4051      985438
         144      105921          10        2759      986736
         145      105921           9        1864      987632
         146      105920           7        1205      988294
         147      105919           8         793      988706
         148      105919           5         520      988982
         149      105919           3         345      989159
         150      105919           2         234      989271
         151      105919           1         151      989355
         152      105919           0          95      989412
         153      105919           0          63      989444
         154      105919           0          44      989463
         155      105919           0          29      989478
         156      105919           0          20      989487
         157      105919           0          11      989496
         158      105919           0           9      989498
         159      105919           0           9      989498
         160      105919           0           8      989499
         161      105919           0           5      989502
         162      105919           0           3      989504
         163      105919           0           3      989504
         164      105919           0           1      989506
         165      105919           0           1      989506
         166      105919           0           1      989506
         167      105919           0           0      989507
           1     1095425           1           0           0
           2     1095425           1           0           0
           3     1095425           1           0           0
           4     1095425           1           0           0
           5     1095425           1           0           0
           6     1095425           0           1           0
           7     1095424           1           1           0
           8     1095421           4           1           0
           9     1095420           5           1           0
          10     1095420           5           1           0
          11     1095419           6           1           0
          12     1095418           6           2           0
          13     1095417           5           4           0
          14     1095414           7           5           0
          15     1095411           9           6           0
          16     1095408          11           7           0
          17     1095403          16           7           0
          18     1095399          19           8           0
          19     1095392          22          11           1
          20     1095383          31          11           1
          21     1095375          35          15           1
          22     1095365          41          19           1
          23     1095352          49          24           1
          24     1095336          59          30           1
          25     1095304          85          35           2
          26     1095282          97          43           4
          27     1095261         112          47           6
          28     1095234         121          65           6
          29     1095196         147          76           7
          30     1095142         177         100           7
          31     1095072         222         124           8
          32     1094986         284         146          10
          33     1094893         361         159          13
          34     1094773         444         192          17
          35     1094636         535         234          21
          36     1094473         630         298          25
          37     1094262         768         369          27
          38     1094041         889         458          38
          39     1093733        1100         547          46
          40     1093371        1332         665          58
          41     1092960        1598         801          67
          42     1092436        1923         982          85
          43     1091806        2345        1170         105
          44     1091058        2826        1414         128
          45     1090086        3460        1728         152
          46     1088975        4183        2088         180
          47     1087632        5071        2512         211
          48     1085966        6149        3053         258
          49     1084033        7405        3673         315
          50     1081746        8819        4468         393
          51     1078927       10614        5397         488
          52     1075591       12724        6517         594
          53     1071482       15303        7916         725
          54     1066548       18441        9567         870
          55     1060739       22198       11432        1057
          56     1053791       26551       13818        1266
          57     1045393       31893       16618        1522
          58     1035718       37774       20056        1878
          59     1024142       44858       24169        2257
          60     1010535       53146       29024        2721
          61      994809       62417       34915        3285
          62      976795       72650       42001        3980
          63      956363       84118       50076        4869
          64      933129       96867       59543        5887
          65      907652      109719       70936        7119
          66      879262      123492       84068        8604
          67      848470      137631       98913       10412
          68      815613      151103      116204       12506
          69      781859      163118      135396       15053
          70      747604      173024      156663       18135
          71      713534      180090      179970       21832
          72      680475      183398      205229       26324
          73      649303      182830      231612       31681
          74      619889      178911      258516       38110
          75      592816      172135      284616       45859
          76      568079      162765      309834       54748
          77      545857      151330      332863       65376
          78      525553      139584      352382       77907
          79      506922      127817      368147       92540
          80      489658      116869      379480      109419
          81      473136      107181      386324      128785
          82      457468       99297      388157      150504
          83      442525       93014      385128      174759
          84      427932       88247      377365      201882
          85      413735       84352      365982      231357
          86      400025       81198      350862      263341
          87      386730       78394      333601      296701
          88      373542       76332      315065      330487
          89      360772       74311      295800      364543
          90      348411       72224      276560      398231
          91      336398       70268      258527      430233
          92      324752       68542      241476      460656
          93      313564       66600      226332      488930
          94      302925       64097      213289      515115
          95      292804       61673      202507      538442
          96      283150       59079      193411      559786
          97      274326       56280      185485      579335
          98      265765       53380      179018      597263
          99      257844       50375      172931      614276
         100      250394       47479      167235      630318
         101      243368       44594      161891      645573
         102      236893       41875      156292      660366
         103      230712       39217      150668      674829
         104      224646       37135      144923      688722
         105      218591       35578      139147      702110
         106      212669       34147      133179      715431
         107      206609       33583      126937      728297
         108      200448       33379      120768      740831
         109      194189       33521      114540      753176
         110      187829       33755      108924      764918
         111      181426       34192      103452      776356
         112      174964       34629       98605      787228
         113      168500       35020       94287      797619
         114      162425       34917       90643      807441
         115      156359       34621       87809      816637
         116      150301       34389       85300      825436
         117      144566       33670       83579      833611
         118      139055       32660       82445      841266
         119      133887       31585       81283      848671
         120      129110       30206       80842      855268
         121      124784       28502       80496      861644
         122      120869       26589       80206      867762
         123      117474       24317       79841      873794
         124      114721       21692       79204      879809
         125      112462       19027       78196      885741
         126      110684       16325       76559      891858
         127      109291       13553       74518      898064
         128      108273       10901       71836      904416
         129      107515        8559       68537      910815
         130      107021        6506       64689      917210
         131      106653        4943       60126      923704
         132      106410        3598       55412      930006
         133      106263        2489       50628      936046
         134      106147        1730       45468      942081
         135      106086        1170       40174      947996
         136      106036         782       34886      953722
         137      106004         530       29899      958993
         138      105986         357       25097      963986
         139      105973         238       20724      968491
         140      105963         157       16675      972631
         141      105954         104       13146      976222
         142      105949          68       10080      979329
         143      105943          54        7587      981842
         144      105942          37        5590      983857
         145      105942          29        4016      985439
         146      105942          19        2816      986649
         147      105942           9        1950      987525
         148      105941           4        1303      988178
         149      105941           2         892      988591
         150      105941           1         588      988896
         151      105941           1         401      989083
         152      105941           1         273      989211
         153      105941           0         182      989303
         154      105941           0         117      989368
         155      105941           0          74      989411
         156      105941           0          52      989433
         157      105941           0          37      989448
         158      105941           0          29      989456
         159      105941           0          16      989469
         160      105941           0           9      989476
         161      105941           0           6      989479
         162      105941           0           2      989483
         163      105941           0           1      989484
         164      105941           0           1      989484
         165      105941           0           1      989484
         166      105941           0           0      989485
