 #time average_recover sd_R average_infected sd_I
          24   1.0000000000000000        0.0000000000000000        314.39999999999998        105.16672477547263     
          25   1.0000000000000000        0.0000000000000000        414.60000000000002        141.16458479377883     
          26   1.0000000000000000        0.0000000000000000        541.00000000000000        187.34513604574849     
          27   1.0000000000000000        0.0000000000000000        708.70000000000005        247.21045689857033     
          28   1.0000000000000000        0.0000000000000000        916.10000000000002        304.46131117105824     
          29   1.6000000000000001       0.66332495807107961        1195.0000000000000        399.68212369331712     
          30   2.8999999999999999        1.2206555615733703        1543.3000000000000        525.26108746032241     
          31   3.8999999999999999        1.3747727084867529        1996.8000000000000        684.98376623099637     
          32   5.9000000000000004        2.2999999999999998        2605.6999999999998        892.75383505197055     
          33   7.0999999999999996        2.5475478405713998        3398.3000000000002        1151.9582501115215     
          34   8.3000000000000007        2.7586228448267418        4427.1000000000004        1509.5023981431743     
          35   10.600000000000000        4.0298883359219762        5766.3000000000002        1966.2047223013176     
          36   15.199999999999999        5.4369108876272776        7491.6000000000004        2555.2702088037572     
          37   19.500000000000000        7.7620873481300121        9689.0000000000000        3292.7703229955177     
          38   25.899999999999999        10.454185764563402        12536.700000000001        4240.7217322054948     
          39   32.799999999999997        12.874781551544865        16247.299999999999        5474.7243044741563     
          40   42.399999999999999        15.944905142395799        21053.299999999999        7030.5688681642268     
          41   56.399999999999999        17.551068343551055        27217.400000000001        9065.4238753629070     
          42   73.299999999999997        24.507345837523911        35019.699999999997        11617.749705084889     
          43   95.900000000000006        33.197740886994076        44930.000000000000        14770.009945832811     
          44   125.40000000000001        41.410626655485402        57340.300000000003        18683.117919929748     
          45   164.00000000000000        56.357785620089800        72896.800000000003        23407.348076191782     
          46   210.40000000000001        68.651584104083085        92070.399999999994        28986.197950748912     
          47   277.30000000000001        91.976138209863905        115347.70000000000        35467.632156798987     
          48   363.30000000000001        124.49341348039255        143018.89999999999        42624.073377494096     
          49   476.89999999999998        162.23344291483184        175295.79999999999        50222.744623925173     
          50   623.00000000000000        214.72913169851913        212020.60000000001        57905.925239477838     
          51   813.70000000000005        278.07770496751436        252196.20000000001        65032.105541493860     
          52   1054.4000000000001        350.54306440150822        294621.90000000002        70813.483622047483     
          53   1366.2000000000000        463.73328541307001        337988.90000000002        74663.699191039181     
          54   1774.4000000000001        603.82865119170981        380147.40000000002        76316.722528158934     
          55   2307.1999999999998        794.49730018421144        419780.09999999998        75613.398027664443     
          56   3009.8000000000002        1031.3776999722261        456056.09999999998        72898.289091651663     
          57   3914.9000000000001        1336.7225179520242        488618.40000000002        68530.771811208848     
          58   5099.0000000000000        1735.6205230406795        517898.29999999999        63566.610592433055     
          59   6626.8999999999996        2257.1671382509558        544570.00000000000        58533.649313877570     
          60   8602.1000000000004        2935.3661253751620        569147.80000000005        54098.856457045011     
          61   11138.600000000000        3776.5941322837407        591999.00000000000        50330.732136538849     
          62   14391.500000000000        4858.9608405501676        613061.19999999995        47292.322871265889     
          63   18677.700000000001        6252.6402911090254        632122.90000000002        44592.151931589418     
          64   24185.700000000001        8061.5157638002520        649009.19999999995        41976.471185177470     
          65   31149.799999999999        10344.277759225151        663332.69999999995        39165.417327153496     
          66   39985.800000000003        13210.070482779402        676000.80000000005        35033.863688721227     
          67   51156.900000000001        16746.600039709549        684347.30000000005        30537.008606115716     
          68   65154.300000000003        21054.138942497746        688122.90000000002        25695.183678852696     
          69   82540.399999999994        26203.389319704449        687075.00000000000        20817.632098776561     
          70   103771.89999999999        32265.611088122929        680755.69999999995        17150.986374259832     
          71   129297.70000000000        39078.342572453104        668795.50000000000        17431.693596722736     
          72   159386.20000000001        46481.679648652964        650984.69999999995        22728.469275559371     
          73   193995.00000000000        54139.437752898739        627422.40000000002        31090.507600230103     
          74   232513.79999999999        61566.657229055469        598683.40000000002        40397.722208560408     
          75   273981.79999999999        68081.209207533931        565949.40000000002        49182.596021763035     
          76   317137.40000000002        72984.644139983240        530496.69999999995        56366.817119738291     
          77   360201.40000000002        75833.768577329611        494328.70000000001        61151.279437228441     
          78   401534.20000000001        76437.484716335210        459395.90000000002        63301.587628510380     
          79   440056.09999999998        74959.270321221760        426909.09999999998        62856.900813594410     
          80   475267.79999999999        71655.659527772237        397636.50000000000        60033.150104338289     
          81   507203.79999999999        67373.301763829251        371776.70000000001        55752.056146925963     
          82   536562.80000000005        62776.557973179457        348741.29999999999        50804.064496947671     
          83   563983.00000000000        58621.939725669370        327979.00000000000        46135.245155954319     
          84   589946.30000000005        55245.713191250856        309108.00000000000        42247.087788390883     
          85   614834.19999999995        52747.410792948373        291641.59999999998        39355.183036545663     
          86   638763.40000000002        50979.157239404871        275392.29999999999        37331.503136225358     
          87   661616.19999999995        49737.256769549356        260333.60000000001        35947.564986240548     
          88   683543.00000000000        48768.734572469562        246258.89999999999        34985.233554887112     
          89   705187.30000000005        47433.930785988385        232294.89999999999        33860.592630519750     
          90   725659.59999999998        45646.001625991325        219242.29999999999        32595.223183926868     
          91   744349.19999999995        43756.209110937976        207675.39999999999        31379.387442077412     
          92   761435.19999999995        41627.948565358485        197289.00000000000        30036.241312787406     
          93   777052.50000000000        39155.532644187391        187820.20000000001        28437.333689359850     
          94   791313.80000000005        36406.118520928423        179095.10000000001        26667.375504349824     
          95   804266.50000000000        33125.481398011041        170903.50000000000        24477.868568361941     
          96   815939.09999999998        29609.319878883802        163240.89999999999        22227.269712900033     
          97   826355.69999999995        26021.718974928543        156032.39999999999        19993.559198902090     
          98   835592.09999999998        22668.796921983678        149282.60000000001        18041.643534888906     
          99   843796.50000000000        19757.909662967893        142894.00000000000        16454.327479420095     
         100   851099.19999999995        17577.683065753659        136888.39999999999        15444.152117873069     
         101   857738.50000000000        16291.688453012610        131097.00000000000        15039.031670955363     
         102   863943.40000000002        16001.748811924183        125387.89999999999        15302.782776018303     
         103   869931.80000000005        16446.010250510975        119685.30000000000        16082.934210211750     
         104   875950.19999999995        17362.613310215806        113824.39999999999        17185.568999599695     
         105   882189.50000000000        18485.399331633362        107665.89999999999        18400.011355703053     
         106   888639.19999999995        19589.718802477280        101256.20000000000        19549.333542604491     
         107   895518.19999999995        20662.651251960186        94396.000000000000        20643.241557468635     
         108   902811.30000000005        21532.313522006531        87112.800000000003        21525.049425262656     
         109   910364.90000000002        22132.329206162776        79562.300000000003        22128.913751244083     
         110   918075.80000000005        22385.168204858644        71853.300000000003        22384.082978983068     
         111   925938.80000000005        22290.482385088955        63991.099999999999        22290.425475750802     
         112   933692.40000000002        21892.575495815148        56237.500000000000        21892.516941868522     
         113   941274.40000000002        21116.993309656169        48655.500000000000        21116.933514362358     
         114   948523.09999999998        20085.550221242720        41406.800000000003        20085.488845432661     
         115   955444.69999999995        18753.138702896722        34485.199999999997        18753.076535864726     
         116   961867.30000000005        17195.321253469207        28062.599999999999        17195.259766575211     
         117   967694.69999999995        15347.494727480254        22235.200000000001        15347.436540347706     
         118   972831.19999999995        13228.447246750413        17098.700000000001        13228.393538521599     
         119   977228.90000000002        10965.411615160307        12701.000000000000        10965.363961127785     
         120   980803.69999999995        8694.4944079578181        9126.2000000000007        8694.4552077746648     
         121   983659.59999999998        6590.4964486799836        6270.3000000000002        6590.4663423766906     
         122   985802.30000000005        4714.0850448349493        4127.6000000000004        4714.0649804600698     
         123   987344.19999999995        3206.7729511351181        2585.6999999999998        3206.7628552794486     
         124   988421.80000000005        2015.6331411838978        1508.0999999999999        2015.6334215327945     
         125   989070.00000000000        1232.4794521514693        859.89999999999998        1232.4906855631809     
         126   989473.59999999998        702.10685799176076        456.30000000000001        702.12677630182998     
         127   989690.19999999995        378.16340391237458        239.69999999999999        378.18832610222120     
         128   989816.40000000002        182.18188677298318        113.50000000000000        182.20880878815930     
         129   989874.09999999998        91.092755006358416        55.799999999999997        91.124969135797244     
         130   989903.59999999998        45.510877713293716        26.300000000000001        45.539104075508554     
         131   989918.40000000002        18.847811284984125        11.500000000000000        18.863986853260897     
         132   989924.80000000005        8.0473604222518205        5.0999999999999996        8.0678373806119819     
         133   989927.90000000002        3.3600471711253550        2.0000000000000000        3.3763886032268267     
         134   989929.50000000000       0.67078399792705257       0.40000000000000002       0.48989794855663560     
         135   989929.90000000002       0.29994302844456977        0.0000000000000000        0.0000000000000000     
         136   989929.90000000002       0.29994302844456977        0.0000000000000000        0.0000000000000000     
         137   989929.90000000002       0.29994302844456977        0.0000000000000000        0.0000000000000000     
         138   989929.90000000002       0.29994302844456977        0.0000000000000000        0.0000000000000000     
         139   989929.90000000002       0.29994302844456977        0.0000000000000000        0.0000000000000000     
         140   989929.90000000002       0.29994302844456977        0.0000000000000000        0.0000000000000000     
         141   989929.90000000002       0.29994302844456977        0.0000000000000000        0.0000000000000000     
         142   989929.90000000002       0.29994302844456977        0.0000000000000000        0.0000000000000000     
         143   989929.90000000002       0.29994302844456977        0.0000000000000000        0.0000000000000000     
         144   989929.90000000002       0.29994302844456977        0.0000000000000000        0.0000000000000000     
         145   989929.90000000002       0.29994302844456977        0.0000000000000000        0.0000000000000000     
         146   989929.90000000002       0.29994302844456977        0.0000000000000000        0.0000000000000000     
         147   989929.90000000002       0.29994302844456977        0.0000000000000000        0.0000000000000000     
         148   989929.90000000002       0.29994302844456977        0.0000000000000000        0.0000000000000000     
         149   989929.90000000002       0.29994302844456977        0.0000000000000000        0.0000000000000000     
         150   989929.90000000002       0.29994302844456977        0.0000000000000000        0.0000000000000000     
         151   989929.90000000002       0.29994302844456977        0.0000000000000000        0.0000000000000000     
         152   989929.90000000002       0.29994302844456977        0.0000000000000000        0.0000000000000000     
         153   989929.90000000002       0.29994302844456977        0.0000000000000000        0.0000000000000000     
         154   989929.90000000002       0.29994302844456977        0.0000000000000000        0.0000000000000000     
         155   989929.90000000002       0.29994302844456977        0.0000000000000000        0.0000000000000000     
         156   989929.90000000002       0.29994302844456977        0.0000000000000000        0.0000000000000000     
         157   989929.90000000002       0.29994302844456977        0.0000000000000000        0.0000000000000000     
         158   989929.90000000002       0.29994302844456977        0.0000000000000000        0.0000000000000000     
         159   989929.90000000002       0.29994302844456977        0.0000000000000000        0.0000000000000000     
         160   989929.90000000002       0.29994302844456977        0.0000000000000000        0.0000000000000000     
         161   989929.90000000002       0.29994302844456977        0.0000000000000000        0.0000000000000000     
         162   989929.90000000002       0.29994302844456977        0.0000000000000000        0.0000000000000000     
         163   989929.90000000002       0.29994302844456977        0.0000000000000000        0.0000000000000000     
         164   989929.90000000002       0.29994302844456977        0.0000000000000000        0.0000000000000000     
         165   989929.90000000002       0.29994302844456977        0.0000000000000000        0.0000000000000000     
         166   989929.90000000002       0.29994302844456977        0.0000000000000000        0.0000000000000000     
         167   989929.90000000002       0.29994302844456977        0.0000000000000000        0.0000000000000000     
         168   989929.90000000002       0.29994302844456977        0.0000000000000000        0.0000000000000000     
         169   989929.90000000002       0.29994302844456977        0.0000000000000000        0.0000000000000000     
         170   989929.90000000002       0.29994302844456977        0.0000000000000000        0.0000000000000000     
         171   989929.90000000002       0.29994302844456977        0.0000000000000000        0.0000000000000000     
         172   989929.90000000002       0.29994302844456977        0.0000000000000000        0.0000000000000000     
         173   989929.90000000002       0.29994302844456977        0.0000000000000000        0.0000000000000000     
         174   989929.90000000002       0.29994302844456977        0.0000000000000000        0.0000000000000000     
         175   989929.90000000002       0.29994302844456977        0.0000000000000000        0.0000000000000000     
         176   989929.90000000002       0.29994302844456977        0.0000000000000000        0.0000000000000000     
         177   989929.90000000002       0.29994302844456977        0.0000000000000000        0.0000000000000000     
         178   989929.90000000002       0.29994302844456977        0.0000000000000000        0.0000000000000000     
         179   989929.90000000002       0.29994302844456977        0.0000000000000000        0.0000000000000000     
         180   989929.90000000002       0.29994302844456977        0.0000000000000000        0.0000000000000000     
         181   989929.90000000002       0.29994302844456977        0.0000000000000000        0.0000000000000000     
         182   989929.90000000002       0.29994302844456977        0.0000000000000000        0.0000000000000000     
         183   989929.90000000002       0.29994302844456977        0.0000000000000000        0.0000000000000000     
         184   989929.90000000002       0.29994302844456977        0.0000000000000000        0.0000000000000000     
         185   989929.90000000002       0.29994302844456977        0.0000000000000000        0.0000000000000000     
         186   989929.90000000002       0.29994302844456977        0.0000000000000000        0.0000000000000000     
         187   989929.90000000002       0.29994302844456977        0.0000000000000000        0.0000000000000000     
         188   989929.90000000002       0.29994302844456977        0.0000000000000000        0.0000000000000000     
         189   989929.90000000002       0.29994302844456977        0.0000000000000000        0.0000000000000000     
         190   989929.90000000002       0.29994302844456977        0.0000000000000000        0.0000000000000000     
         191   989929.90000000002       0.29994302844456977        0.0000000000000000        0.0000000000000000     
         192   989929.90000000002       0.29994302844456977        0.0000000000000000        0.0000000000000000     
         193   989929.90000000002       0.29994302844456977        0.0000000000000000        0.0000000000000000     
         194   989929.90000000002       0.29994302844456977        0.0000000000000000        0.0000000000000000     
         195   989929.90000000002       0.29994302844456977        0.0000000000000000        0.0000000000000000     
         196   989929.90000000002       0.29994302844456977        0.0000000000000000        0.0000000000000000     
         197   989929.90000000002       0.29994302844456977        0.0000000000000000        0.0000000000000000     
         198   989929.90000000002       0.29994302844456977        0.0000000000000000        0.0000000000000000     
         199   989929.90000000002       0.29994302844456977        0.0000000000000000        0.0000000000000000     
         200   989929.90000000002       0.29994302844456977        0.0000000000000000        0.0000000000000000     
         201   989929.90000000002       0.29994302844456977        0.0000000000000000        0.0000000000000000     
         202   989929.90000000002       0.29994302844456977        0.0000000000000000        0.0000000000000000     
         203   989929.90000000002       0.29994302844456977        0.0000000000000000        0.0000000000000000     
         204   989929.90000000002       0.29994302844456977        0.0000000000000000        0.0000000000000000     
         205   989929.90000000002       0.29994302844456977        0.0000000000000000        0.0000000000000000     
         206   989929.90000000002       0.29994302844456977        0.0000000000000000        0.0000000000000000     
         207   989929.90000000002       0.29994302844456977        0.0000000000000000        0.0000000000000000     
         208   989929.90000000002       0.29994302844456977        0.0000000000000000        0.0000000000000000     
         209   989929.90000000002       0.29994302844456977        0.0000000000000000        0.0000000000000000     
         210   989929.90000000002       0.29994302844456977        0.0000000000000000        0.0000000000000000     
         211   989929.90000000002       0.29994302844456977        0.0000000000000000        0.0000000000000000     
         212   989929.90000000002       0.29994302844456977        0.0000000000000000        0.0000000000000000     
         213   989929.90000000002       0.29994302844456977        0.0000000000000000        0.0000000000000000     
         214   989929.90000000002       0.29994302844456977        0.0000000000000000        0.0000000000000000     
         215   989929.90000000002       0.29994302844456977        0.0000000000000000        0.0000000000000000     
         216   989929.90000000002       0.29994302844456977        0.0000000000000000        0.0000000000000000     
         217   989929.90000000002       0.29994302844456977        0.0000000000000000        0.0000000000000000     
         218   989929.90000000002       0.29994302844456977        0.0000000000000000        0.0000000000000000     
         219   989929.90000000002       0.29994302844456977        0.0000000000000000        0.0000000000000000     
         220   989929.90000000002       0.29994302844456977        0.0000000000000000        0.0000000000000000     
         221   989929.90000000002       0.29994302844456977        0.0000000000000000        0.0000000000000000     
         222   989929.90000000002       0.29994302844456977        0.0000000000000000        0.0000000000000000     
         223   989929.90000000002       0.29994302844456977        0.0000000000000000        0.0000000000000000     
         224   989929.90000000002       0.29994302844456977        0.0000000000000000        0.0000000000000000     
         225   989929.90000000002       0.29994302844456977        0.0000000000000000        0.0000000000000000     
         226   989929.90000000002       0.29994302844456977        0.0000000000000000        0.0000000000000000     
         227   989929.90000000002       0.29994302844456977        0.0000000000000000        0.0000000000000000     
         228   989929.90000000002       0.29994302844456977        0.0000000000000000        0.0000000000000000     
         229   989929.90000000002       0.29994302844456977        0.0000000000000000        0.0000000000000000     
         230   989929.90000000002       0.29994302844456977        0.0000000000000000        0.0000000000000000     
         231   989929.90000000002       0.29994302844456977        0.0000000000000000        0.0000000000000000     
         232   989929.90000000002       0.29994302844456977        0.0000000000000000        0.0000000000000000     
         233   989929.90000000002       0.29994302844456977        0.0000000000000000        0.0000000000000000     
         234   989929.90000000002       0.29994302844456977        0.0000000000000000        0.0000000000000000     
         235   989929.90000000002       0.29994302844456977        0.0000000000000000        0.0000000000000000     
         236   989929.90000000002       0.29994302844456977        0.0000000000000000        0.0000000000000000     
         237   989929.90000000002       0.29994302844456977        0.0000000000000000        0.0000000000000000     
         238   989929.90000000002       0.29994302844456977        0.0000000000000000        0.0000000000000000     
         239   989929.90000000002       0.29994302844456977        0.0000000000000000        0.0000000000000000     
         240   989929.90000000002       0.29994302844456977        0.0000000000000000        0.0000000000000000     
         241   989929.90000000002       0.29994302844456977        0.0000000000000000        0.0000000000000000     
         242   989929.90000000002       0.29994302844456977        0.0000000000000000        0.0000000000000000     
         243   989929.90000000002       0.29994302844456977        0.0000000000000000        0.0000000000000000     
         244   989929.90000000002       0.29994302844456977        0.0000000000000000        0.0000000000000000     
         245   989929.90000000002       0.29994302844456977        0.0000000000000000        0.0000000000000000     
         246   989929.90000000002       0.29994302844456977        0.0000000000000000        0.0000000000000000     
         247   989929.90000000002       0.29994302844456977        0.0000000000000000        0.0000000000000000     
         248   989929.90000000002       0.29994302844456977        0.0000000000000000        0.0000000000000000     
         249   989929.90000000002       0.29994302844456977        0.0000000000000000        0.0000000000000000     
         250   989929.90000000002       0.29994302844456977        0.0000000000000000        0.0000000000000000     
         251   989929.90000000002       0.29994302844456977        0.0000000000000000        0.0000000000000000     
         252   989929.90000000002       0.29994302844456977        0.0000000000000000        0.0000000000000000     
         253   989929.90000000002       0.29994302844456977        0.0000000000000000        0.0000000000000000     
         254   989929.90000000002       0.29994302844456977        0.0000000000000000        0.0000000000000000     
         255   989929.90000000002       0.29994302844456977        0.0000000000000000        0.0000000000000000     
         256   989929.90000000002       0.29994302844456977        0.0000000000000000        0.0000000000000000     
         257   989929.90000000002       0.29994302844456977        0.0000000000000000        0.0000000000000000     
         258   989929.90000000002       0.29994302844456977        0.0000000000000000        0.0000000000000000     
         259   989929.90000000002       0.29994302844456977        0.0000000000000000        0.0000000000000000     
         260   989929.90000000002       0.29994302844456977        0.0000000000000000        0.0000000000000000     
         261   989929.90000000002       0.29994302844456977        0.0000000000000000        0.0000000000000000     
         262   989929.90000000002       0.29994302844456977        0.0000000000000000        0.0000000000000000     
         263   989929.90000000002       0.29994302844456977        0.0000000000000000        0.0000000000000000     
         264   989929.90000000002       0.29994302844456977        0.0000000000000000        0.0000000000000000     
         265   989929.90000000002       0.29994302844456977        0.0000000000000000        0.0000000000000000     
         266   989929.90000000002       0.29994302844456977        0.0000000000000000        0.0000000000000000     
         267   989929.90000000002       0.29994302844456977        0.0000000000000000        0.0000000000000000     
         268   989929.90000000002       0.29994302844456977        0.0000000000000000        0.0000000000000000     
         269   989929.90000000002       0.29994302844456977        0.0000000000000000        0.0000000000000000     
         270   989929.90000000002       0.29994302844456977        0.0000000000000000        0.0000000000000000     
         271   989929.90000000002       0.29994302844456977        0.0000000000000000        0.0000000000000000     
         272   989929.90000000002       0.29994302844456977        0.0000000000000000        0.0000000000000000     
         273   989929.90000000002       0.29994302844456977        0.0000000000000000        0.0000000000000000     
         274   989929.90000000002       0.29994302844456977        0.0000000000000000        0.0000000000000000     
         275   989929.90000000002       0.29994302844456977        0.0000000000000000        0.0000000000000000     
         276   989929.90000000002       0.29994302844456977        0.0000000000000000        0.0000000000000000     
         277   989929.90000000002       0.29994302844456977        0.0000000000000000        0.0000000000000000     
         278   989929.90000000002       0.29994302844456977        0.0000000000000000        0.0000000000000000     
         279   989929.90000000002       0.29994302844456977        0.0000000000000000        0.0000000000000000     
         280   989929.90000000002       0.29994302844456977        0.0000000000000000        0.0000000000000000     
         281   989929.90000000002       0.29994302844456977        0.0000000000000000        0.0000000000000000     
         282   989929.90000000002       0.29994302844456977        0.0000000000000000        0.0000000000000000     
         283   989929.90000000002       0.29994302844456977        0.0000000000000000        0.0000000000000000     
         284   989929.90000000002       0.29994302844456977        0.0000000000000000        0.0000000000000000     
         285   989929.90000000002       0.29994302844456977        0.0000000000000000        0.0000000000000000     
         286   989929.90000000002       0.29994302844456977        0.0000000000000000        0.0000000000000000     
         287   989929.90000000002       0.29994302844456977        0.0000000000000000        0.0000000000000000     
         288   989929.90000000002       0.29994302844456977        0.0000000000000000        0.0000000000000000     
         289   989929.90000000002       0.29994302844456977        0.0000000000000000        0.0000000000000000     
         290   989929.90000000002       0.29994302844456977        0.0000000000000000        0.0000000000000000     
         291   989929.90000000002       0.29994302844456977        0.0000000000000000        0.0000000000000000     
         292   989929.90000000002       0.29994302844456977        0.0000000000000000        0.0000000000000000     
         293   989929.90000000002       0.29994302844456977        0.0000000000000000        0.0000000000000000     
         294   989929.90000000002       0.29994302844456977        0.0000000000000000        0.0000000000000000     
         295   989929.90000000002       0.29994302844456977        0.0000000000000000        0.0000000000000000     
         296   989929.90000000002       0.29994302844456977        0.0000000000000000        0.0000000000000000     
         297   989929.90000000002       0.29994302844456977        0.0000000000000000        0.0000000000000000     
         298   989929.90000000002       0.29994302844456977        0.0000000000000000        0.0000000000000000     
         299   989929.90000000002       0.29994302844456977        0.0000000000000000        0.0000000000000000     
         300   989929.90000000002       0.29994302844456977        0.0000000000000000        0.0000000000000000     
