#time susceptible exposed infected recover
           1     1095425           1           0           0
           2     1095425           1           0           0
           3     1095425           1           0           0
           4     1095425           0           1           0
           5     1095425           0           1           0
           6     1095424           1           1           0
           7     1095424           1           1           0
           8     1095424           1           1           0
           9     1095424           1           1           0
          10     1095424           0           2           0
          11     1095422           2           2           0
          12     1095420           4           2           0
          13     1095420           4           2           0
          14     1095418           5           3           0
          15     1095415           5           6           0
          16     1095407          13           6           0
          17     1095403          16           7           0
          18     1095401          14          11           0
          19     1095395          16          15           0
          20     1095386          19          21           0
          21     1095375          28          23           0
          22     1095359          39          27           1
          23     1095337          52          36           1
          24     1095311          68          46           1
          25     1095283          83          59           1
          26     1095236         111          78           1
          27     1095188         135         102           1
          28     1095135         167         122           2
          29     1095061         200         163           2
          30     1094964         252         208           2
          31     1094859         301         264           2
          32     1094714         381         328           3
          33     1094510         501         410           5
          34     1094296         617         507           6
          35     1094041         747         630           8
          36     1093653         962         801          10
          37     1093227        1189         994          16
          38     1092634        1540        1232          20
          39     1091954        1909        1540          23
          40     1091059        2398        1941          28
          41     1089973        2997        2421          35
          42     1088613        3688        3077          48
          43     1086881        4609        3876          60
          44     1084725        5792        4830          79
          45     1082162        7097        6062         105
          46     1078915        8858        7522         131
          47     1074929       10837        9488         172
          48     1069924       13478       11808         216
          49     1063710       16823       14627         266
          50     1056039       20920       18148         319
          51     1046867       25615       22524         420
          52     1035545       31266       28097         518
          53     1022049       37877       34867         633
          54     1005832       45682       43093         819
          55      986115       55010       53278        1023
          56      963298       65523       65341        1264
          57      937082       76868       79901        1575
          58      906800       89185       97481        1960
          59      873121      101422      118401        2482
          60      835971      114282      142060        3113
          61      795597      126354      169565        3910
          62      754009      135924      200585        4908
          63      711112      143258      234936        6120
          64      668970      146646      272131        7679
          65      628025      146742      311055        9604
          66      589472      142932      350976       12046
          67      553392      136522      390563       14949
          68      520400      128162      428397       18467
          69      490396      118263      463750       23017
          70      463183      108237      495409       28597
          71      438265       98578      523100       35483
          72      415410       89950      546216       43850
          73      394898       81910      564457       54161
          74      375858       74790      578216       66562
          75      358369       68386      587212       81459
          76      342441       62767      590770       99448
          77      327929       57396      589292      120809
          78      314691       52337      583201      145197
          79      302667       47738      571417      173604
          80      291512       43615      554742      205557
          81      281297       40014      533186      240929
          82      271897       36803      507040      279686
          83      263719       33343      477718      320646
          84      256322       30053      445998      363053
          85      249727       26822      413189      405688
          86      243763       23968      380663      447032
          87      238273       21609      348806      486738
          88      233069       20002      318242      524113
          89      227892       18853      290013      558668
          90      222355       18695      264219      590157
          91      216554       19153      240934      618785
          92      210224       20317      219847      645038
          93      203344       21811      201427      668844
          94      195952       23533      185589      690352
          95      188217       25128      171982      710099
          96      180026       26697      160327      728376
          97      171692       27974      150770      744990
          98      163467       28634      142973      760352
          99      155217       28900      137268      774041
         100      147492       28356      132771      786807
         101      140119       27449      129513      798345
         102      133345       25923      127130      809028
         103      127460       23888      125245      818833
         104      122390       21454      123939      827643
         105      118034       18680      123253      835459
         106      114641       15731      122667      842387
         107      111906       13015      121882      848623
         108      109886       10324      120854      854362
         109      108463        7826      119417      859720
         110      107498        5788      117203      864937
         111      106833        4104      114155      870334
         112      106379        2818      110234      875995
         113      106112        1857      105383      882074
         114      105945        1234       99623      888624
         115      105829         803       93046      895748
         116      105755         513       85935      903223
         117      105710         324       78149      911243
         118      105679         207       70009      919531
         119      105662         128       61786      927850
         120      105649          85       53589      936103
         121      105639          61       45654      944072
         122      105632          42       38101      951651
         123      105625          35       31022      958744
         124      105623          23       24714      965066
         125      105622          14       19286      970504
         126      105620           7       14551      975248
         127      105618           5       10705      979098
         128      105617           6        7650      982153
         129      105616           4        5304      984502
         130      105615           3        3565      986243
         131      105615           2        2369      987440
         132      105615           1        1576      988234
         133      105615           0        1000      988811
         134      105615           0         644      989167
         135      105615           0         420      989391
         136      105615           0         275      989536
         137      105615           0         179      989632
         138      105615           0         122      989689
         139      105615           0          88      989723
         140      105615           0          58      989753
         141      105615           0          48      989763
         142      105615           0          32      989779
         143      105615           0          20      989791
         144      105615           0          13      989798
         145      105615           0           9      989802
         146      105615           0           9      989802
         147      105615           0           5      989806
         148      105615           0           4      989807
         149      105615           0           2      989809
         150      105615           0           2      989809
         151      105615           0           1      989810
         152      105615           0           0      989811
           1     1095425           1           0           0
           2     1095425           1           0           0
           3     1095425           1           0           0
           4     1095424           1           1           0
           5     1095424           1           1           0
           6     1095424           1           1           0
           7     1095424           0           2           0
           8     1095422           2           2           0
           9     1095419           5           2           0
          10     1095419           5           2           0
          11     1095418           5           3           0
          12     1095413           7           6           0
          13     1095406          13           7           0
          14     1095401          18           7           0
          15     1095397          17          12           0
          16     1095389          20          17           0
          17     1095378          26          22           0
          18     1095368          33          25           0
          19     1095352          44          30           0
          20     1095339          47          40           0
          21     1095314          59          53           0
          22     1095297          63          65           1
          23     1095267          78          80           1
          24     1095218         108          99           1
          25     1095154         151         120           1
          26     1095091         196         137           2
          27     1095013         238         173           2
          28     1094919         267         238           2
          29     1094792         322         310           2
          30     1094628         425         368           5
          31     1094435         531         453           7
          32     1094186         668         565           7
          33     1093878         833         704          11
          34     1093482        1055         871          18
          35     1093026        1295        1084          21
          36     1092440        1598        1360          28
          37     1091642        2025        1725          34
          38     1090718        2563        2104          41
          39     1089511        3227        2635          53
          40     1088028        4042        3287          69
          41     1086115        5074        4158          79
          42     1083913        6195        5218         100
          43     1081041        7711        6554         120
          44     1077522        9603        8162         139
          45     1073166       11887       10193         180
          46     1067726       14774       12680         246
          47     1060998       18306       15815         307
          48     1052882       22424       19742         378
          49     1042799       27685       24487         455
          50     1030600       33847       30409         570
          51     1015827       41126       37751         722
          52      998379       49577       46589         881
          53      977362       59378       57570        1116
          54      952907       70328       70795        1396
          55      924496       82744       86450        1736
          56      892142       95720      105394        2170
          57      856438      108705      127587        2696
          58      817561      121046      153427        3392
          59      776487      131581      183109        4249
          60      734035      140364      215718        5309
          61      691935      144939      251922        6630
          62      650772      146214      290080        8360
          63      611877      143106      330091       10352
          64      576305      136621      369518       12982
          65      543955      127377      407967       16127
          66      514743      116376      444232       20075
          67      488510      105424      476526       24966
          68      464920       95000      504455       31051
          69      443326       85911      527816       38373
          70      423185       78366      546350       47525
          71      404106       72499      560073       58748
          72      386270       67639      569382       72135
          73      369052       64139      574077       88158
          74      352802       60604      574351      107669
          75      337415       57691      570009      130311
          76      322951       54616      561036      156823
          77      309270       51536      547439      187181
          78      296789       48167      529440      221030
          79      285534       44547      506907      258438
          80      275244       40742      481001      298439
          81      265785       37309      452123      340209
          82      257361       33815      421699      382551
          83      249577       30888      390874      424087
          84      242265       28228      360895      464038
          85      235651       25955      332262      501558
          86      229135       24308      306497      535486
          87      222631       23310      283090      566395
          88      216007       23002      262310      594107
          89      209189       23205      244208      618824
          90      202152       23723      228012      641539
          91      194946       24386      213770      662324
          92      187414       25144      200856      682012
          93      179729       25923      189408      700366
          94      171933       26601      179031      717861
          95      164081       27070      169781      734494
          96      156184       27450      161454      750338
          97      148532       27283      154241      765370
          98      141254       26775      148004      779393
          99      134463       25619      142975      792369
         100      128379       23934      138872      804241
         101      123030       21814      135460      815122
         102      118488       19351      132703      824884
         103      114949       16513      130041      833923
         104      112186       13477      127796      841967
         105      110126       10632      125192      849476
         106      108631        8086      122254      856455
         107      107634        5961      118774      863057
         108      106920        4207      114750      869549
         109      106452        2953      109921      876100
         110      106170        1977      104476      882803
         111      105956        1315       98368      889787
         112      105839         856       91895      896836
         113      105750         577       84865      904234
         114      105699         378       77485      911864
         115      105677         233       69828      919688
         116      105662         135       62163      927466
         117      105650          79       54389      935308
         118      105640          44       46599      943143
         119      105632          38       39154      950602
         120      105629          28       32199      957570
         121      105625          19       25756      964026
         122      105621          14       20067      969724
         123      105619          11       15096      974700
         124      105619           8       11096      978703
         125      105618           3        7984      981821
         126      105617           3        5570      984236
         127      105616           3        3789      986018
         128      105616           3        2528      987279
         129      105616           2        1666      988142
         130      105616           0        1080      988730
         131      105615           1         709      989101
         132      105615           1         459      989351
         133      105615           1         299      989511
         134      105615           1         185      989625
         135      105615           1         102      989708
         136      105615           0          70      989741
         137      105615           0          51      989760
         138      105615           0          43      989768
         139      105615           0          31      989780
         140      105615           0          21      989790
         141      105615           0          14      989797
         142      105615           0          12      989799
         143      105615           0           6      989805
         144      105615           0           6      989805
         145      105615           0           4      989807
         146      105615           0           3      989808
         147      105615           0           2      989809
         148      105615           0           2      989809
         149      105615           0           2      989809
         150      105615           0           1      989810
         151      105615           0           1      989810
         152      105615           0           0      989811
           1     1095425           1           0           0
           2     1095425           1           0           0
           3     1095425           1           0           0
           4     1095425           0           1           0
           5     1095425           0           1           0
           6     1095425           0           1           0
           7     1095425           0           1           0
           8     1095424           1           1           0
           9     1095424           1           1           0
          10     1095424           1           1           0
          11     1095423           1           2           0
          12     1095421           3           2           0
          13     1095421           3           2           0
          14     1095420           4           2           0
          15     1095416           7           3           0
          16     1095416           5           5           0
          17     1095410          10           6           0
          18     1095407          10           9           0
          19     1095403          13          10           0
          20     1095398          13          15           0
          21     1095392          18          16           0
          22     1095381          27          17           1
          23     1095369          33          23           1
          24     1095354          42          29           1
          25     1095340          47          38           1
          26     1095320          53          52           1
          27     1095283          79          63           1
          28     1095241         104          80           1
          29     1095194         134          97           1
          30     1095144         154         126           2
          31     1095075         186         163           2
          32     1094987         227         210           2
          33     1094864         297         262           3
          34     1094732         377         313           4
          35     1094559         466         396           5
          36     1094348         569         502           7
          37     1094085         717         614          10
          38     1093746         894         771          15
          39     1093332        1110         968          16
          40     1092792        1421        1192          21
          41     1092140        1760        1501          25
          42     1091315        2232        1848          31
          43     1090282        2769        2333          42
          44     1088970        3494        2911          51
          45     1087465        4270        3626          65
          46     1085442        5373        4537          74
          47     1082974        6640        5718          94
          48     1079935        8237        7126         128
          49     1076122       10300        8838         166
          50     1071498       12713       11009         206
          51     1065674       15791       13711         250
          52     1058513       19468       17131         314
          53     1049620       24190       21226         390
          54     1038925       29737       26257         507
          55     1025941       36242       32610         633
          56     1010207       43968       40457         794
          57      991644       52738       50081         963
          58      969852       62695       61684        1195
          59      944282       73851       75769        1524
          60      914832       86070       92643        1881
          61      881713       99118      112237        2358
          62      845277      111852      135341        2956
          63      806265      123356      162108        3697
          64      765447      132751      192594        4634
          65      723489      139871      226250        5816
          66      681629      144067      262499        7231
          67      640492      145309      300625        9000
          68      601691      142782      339796       11157
          69      565442      137058      378980       13946
          70      532244      128730      417033       17419
          71      501402      119628      452786       21610
          72      472910      110540      485194       26782
          73      446745      102084      513262       33335
          74      422287       94332      537523       41284
          75      399743       87268      557283       51132
          76      378868       80788      572856       62914
          77      359448       74801      583865       77312
          78      341373       69565      589856       94632
          79      324542       64622      591597      114665
          80      308991       60018      588191      138226
          81      294670       55730      579305      165721
          82      281726       51155      565259      197286
          83      269876       46795      546805      231950
          84      259046       42723      523986      269671
          85      249125       39055      497715      309531
          86      239947       35841      468697      350941
          87      231434       32846      438230      392916
          88      223218       30762      407027      434419
          89      215180       29265      376626      474355
          90      207597       28063      347767      511999
          91      199615       27670      321549      546592
          92      191732       27408      297477      578809
          93      183631       27654      275754      608387
          94      175445       28201      255955      635825
          95      167461       28272      238470      661223
          96      159551       28090      223296      684489
          97      151852       27683      209588      706303
          98      144407       27072      197545      726402
          99      137307       26127      186790      745202
         100      130986       24693      177254      762493
         101      125603       22478      168577      778768
         102      120860       19905      160984      793677
         103      117008       17046      154079      807293
         104      113893       14424      147532      819577
         105      111462       11712      141309      830943
         106      109553        9358      135131      841384
         107      108324        7102      129062      850938
         108      107433        5221      123021      859751
         109      106797        3713      116930      867986
         110      106390        2549      110235      876252
         111      106127        1722      103492      884085
         112      105956        1167       96381      891922
         113      105846         749       89010      899821
         114      105764         490       81429      907743
         115      105714         329       73518      915865
         116      105681         224       65526      923995
         117      105659         138       57604      932025
         118      105649          83       49899      939795
         119      105641          58       42425      947302
         120      105632          38       35139      954617
         121      105628          25       28453      961320
         122      105627          18       22645      967136
         123      105624          12       17564      972226
         124      105621           7       13280      976518
         125      105620           8        9831      979967
         126      105620           5        6991      982810
         127      105620           4        4872      984930
         128      105620           1        3315      986490
         129      105620           1        2229      987576
         130      105620           0        1490      988316
         131      105620           0         973      988833
         132      105620           0         628      989178
         133      105620           0         428      989378
         134      105620           0         292      989514
         135      105620           0         186      989620
         136      105620           0         119      989687
         137      105620           0          79      989727
         138      105620           0          50      989756
         139      105620           0          35      989771
         140      105620           0          22      989784
         141      105620           0          15      989791
         142      105620           0          10      989796
         143      105620           0           8      989798
         144      105620           0           7      989799
         145      105620           0           1      989805
         146      105620           0           1      989805
         147      105620           0           1      989805
         148      105620           0           1      989805
         149      105620           0           0      989806
           1     1095425           1           0           0
           2     1095425           1           0           0
           3     1095425           1           0           0
           4     1095425           1           0           0
           5     1095424           1           1           0
           6     1095424           1           1           0
           7     1095423           2           1           0
           8     1095423           2           1           0
           9     1095421           3           2           0
          10     1095421           3           2           0
          11     1095421           2           3           0
          12     1095419           3           4           0
          13     1095417           5           4           0
          14     1095415           6           5           0
          15     1095414           6           6           0
          16     1095411           6           9           0
          17     1095406          10          10           0
          18     1095399          15          12           0
          19     1095386          27          13           0
          20     1095382          28          16           0
          21     1095376          25          25           0
          22     1095357          35          33           1
          23     1095339          45          41           1
          24     1095317          60          48           1
          25     1095290          73          62           1
          26     1095251          98          76           1
          27     1095204         128          92           2
          28     1095147         157         120           2
          29     1095059         209         156           2
          30     1094965         260         197           4
          31     1094853         327         241           5
          32     1094710         398         313           5
          33     1094552         465         403           6
          34     1094329         587         502           8
          35     1094048         727         641          10
          36     1093690         954         771          11
          37     1093240        1195         977          14
          38     1092681        1514        1215          16
          39     1091991        1862        1548          25
          40     1091164        2287        1941          34
          41     1090070        2889        2426          41
          42     1088708        3625        3048          45
          43     1087047        4559        3758          62
          44     1085026        5552        4769          79
          45     1082399        7000        5930          97
          46     1079111        8770        7426         119
          47     1075074       10957        9241         154
          48     1070240       13481       11508         197
          49     1064092       16658       14426         250
          50     1056425       20684       17995         322
          51     1047143       25502       22372         409
          52     1035931       31287       27680         528
          53     1022369       37911       34505         641
          54     1005972       45717       42933         804
          55      986430       55063       52942         991
          56      963655       65462       65072        1237
          57      937274       76948       79643        1561
          58      906769       89490       97201        1966
          59      872826      102177      117958        2465
          60      835603      114753      141994        3076
          61      795885      126021      169669        3851
          62      754716      135112      200747        4851
          63      712866      141235      235270        6055
          64      671751      144081      272072        7522
          65      632563      142513      310953        9397
          66      595790      138021      349914       11701
          67      561270      130646      388897       14613
          68      529937      122113      425057       18319
          69      501326      112624      458709       22767
          70      474628      103787      488810       28201
          71      449506       95919      514834       35167
          72      425786       89664      536304       43672
          73      403068       84690      553822       53846
          74      381028       80987      567156       66255
          75      359712       77753      576768       81193
          76      338734       75455      582116       99121
          77      318698       73244      583159      120325
          78      298905       71450      580095      144976
          79      280331       68864      572996      173235
          80      262249       66426      561055      205696
          81      245007       63744      545315      241360
          82      229138       60410      526309      279569
          83      213907       57292      504041      320186
          84      199982       53640      479888      361916
          85      187225       49832      455067      403302
          86      175444       46136      430426      443420
          87      164700       42293      407164      481269
          88      154970       38711      384817      516928
          89      146569       34651      364225      549981
          90      139168       30804      345472      579982
          91      132637       27288      327891      607610
          92      126904       23867      311208      633447
          93      122035       20835      294695      657861
          94      118086       17707      278505      681128
          95      114845       14880      262255      703446
          96      112340       12077      245858      725151
          97      110363        9644      229127      746292
          98      108949        7542      212234      766701
          99      107912        5702      195108      786704
         100      107151        4207      178263      805805
         101      106612        3033      161585      824196
         102      106246        2203      145135      841842
         103      106025        1500      129576      858325
         104      105890        1004      114515      874017
         105      105783         638      100473      888532
         106      105726         408       87449      901843
         107      105689         269       75314      914154
         108      105668         168       64169      925421
         109      105648         115       53941      935722
         110      105640          71       45098      944617
         111      105637          41       37137      952611
         112      105632          21       30185      959588
         113      105631          13       24135      965647
         114      105628          12       18813      970973
         115      105627           7       14415      975377
         116      105627           4       10818      978977
         117      105627           3        7978      981818
         118      105627           0        5744      984055
         119      105625           2        4020      985779
         120      105625           2        2860      986939
         121      105625           2        1922      987877
         122      105625           0        1250      988551
         123      105625           0         794      989007
         124      105625           0         530      989271
         125      105625           0         330      989471
         126      105625           0         206      989595
         127      105625           0         132      989669
         128      105625           0          87      989714
         129      105625           0          53      989748
         130      105625           0          30      989771
         131      105625           0          22      989779
         132      105625           0          15      989786
         133      105625           0          10      989791
         134      105625           0           6      989795
         135      105625           0           3      989798
         136      105625           0           2      989799
         137      105625           0           2      989799
         138      105625           0           2      989799
         139      105625           0           2      989799
         140      105625           0           2      989799
         141      105625           0           1      989800
         142      105625           0           0      989801
